0	0	0	0	0	0	0	0	0	0	0	0	0	0	0	0	0	0	0	0	0	0	0	0	0	0	0	0	0	0	0	0	0
0.841	0	0	0	0	0	0	0	0	0	0	0	0	0	0	0	0	0	0	0	0	0	0	0	0	0	0	0	0	0	0	0	0
1.682	0	0	0	0	0	0	0	0	0	0	0	0	0	0	0	0	0	0	0	0	0	0	0	0	0	0	0	0	0	0	0	0
2.523	0	0	0	0	0	0	0	0	0	0	0	0	0	0	0	0	0	0	0	0	0	0	0	0	0	0	0	0	0	0	0	0
3.364	0	0	0	0	0	0	0	0	0	0	0	0	0	0	0	0	0	0	0	0	0	0	0	0	0	0	0	0	0	0	0	0
4.205	0	0	0	0	0	0	0	0	0	0	0	0	0	0	0	0	0	0	0	0	0	0	0	0	0	0	0	0	0	0	0	0
5.046	0	0	0	0	0	0	0	0	0	0	0	0	0	0	0	0	0	0	0	0	0	0	0	0	0	0	0	0	0	0	0	0
5.887	0	0	0	0	0	0	0	0	0	0	0	0	0	0	0	0	0	0	0	0	0	0	0	0	0	0	0	0	0	0	0	0
6.728	0	0	0	0	0	0	0	0	0	0	0	0	0	0	0	0	0	0	0	0	0	0	0	0	0	0	0	0	0	0	0	0
7.569	0	0	0	0	0	0	0	0	0	0	0	0	0	0	0	0	0	0	0	0	0	0	0	0	0	0	0	0	0	0	0	0
8.41	0	0	0	0	0	0	0	0	0	0	0	0	0	0	0	0	0	0	0	0	0	0	0	0	0	0	0	0	0	0	0	0
9.251	0	0	0	0	0	0	0	0	0	0	0	0	0	0	0	0	0	0	0	0	0	0	0	0	0	0	0	0	0	0	0	0
10.092	0	0	0	0	0	0	0	0	0	0	0	0	0	0	0	0	0	0	0	0	0	0	0	0	0	0	0	0	0	0	0	0
10.933	0	0	0	0	0	0	0	0	0	0	0	0	0	0	0	0	0	0	0	0	0	0	0	0	0	0	0	0	0	0	0	0
11.774	0	0	0	0	0	0	0	0	0	0	0	0	0	0	0	0	0	0	0	0	0	0	0	0	0	0	0	0	0	0	0	0
12.615	0	0	0	0	0	0	0	0	0	0	0	0	0	0	0	0	0	0	0	0	0	0	0.3	0	0	0	0	0	0	0	0	0
13.456	0	0	0	0	0	0	0	0	0	0	0	0	0	0	0	0	0	0	0	0	0	0	1.9	0	0	0	0	0	0	0	0	0
14.297	0	0	0	0	0	0	0	0	0	0	0	0	0	0	0	0	0	0	0	0	0	0	5.5	0	0	0	0	0	0	0	0	0
15.138	0	0	0	0	0	0	0	0	0	0	0	0	0	0	0	0	0.2	0	0	0	0	0	11.1	0	0	0	0	0	0	0	0	0
15.979	0	0	0	0	0	0	0	0	0	0	0	0	0	0	0.1	0	0.4	0	0	0	0	0	19.6	0	0	0	0	0	0	0	0	0
16.82	0	0	0	0	0	0	0	0	0	0	0	0	0	0	0.5	0	4	0	0	0	0	0	40.2	0	0	0	0	0	0	0	0	0
17.661	0	0	0	0	0	0	0	0	0	0.7	0	0	0	0	1.2	0	9.8	0	0	0	0	0	55.9	0	0	0	0	0	0	0	0	0
18.502	0	0	0	0	0	0	0	0	0	2.4	0	0	0	0	4.9	0	19.4	0	0	0	0	0	74.7	0	0	0	0	0	0	0	0	0
19.343	0	0	0	0	0	0.1	0	0	0	6.1	0	0	0.1	0	11.6	0	35.2	0	0	0	0	0	88.2	0	0	0	0	0	0	0	0	0
20.184	0	0	0	0	0	1.7	0	0	0	9.8	0	0	0.4	0	23.7	0	55.3	0	0	0	0	0	94.3	0	0	0	0	0	0	0	0	0
21.025	0	0	0	0	0	4.6	0	0	0	23.9	0	0	1.2	0	39.1	0	69.7	0	0	0	0.1	0	98.2	0	0	0	0	0	0	0	0	0
21.866	0	0	0	0	0	13.1	0	0	0	37.5	0	0	4.3	0	60	0	84.6	0	0	0	1	0	98.8	0	0	0	0	0	0	0	0	0
22.707	0	0	0.1	0	0	23.2	0	0	0	49.4	0	0	12.8	0	74.3	0	93.4	0	0	0	3	0	100	0	0	0	0	0	0	0	0	0
23.548	0	0	0	0	0	37.2	0	0	0	70.9	0	0	20	0	86.5	0	97.2	0	0	0	7.5	0	100	0	0	0	0	0	0	0	0	0
24.389	0	0	0	0	0	54.5	0	0	0	84.1	0	0	34.8	0	95.3	0	99	0	0	0	19.3	0	100	0	0	0	0	0	0	0	0	0
25.23	0	0	0	0	0	70.8	0	0	0	92.6	0	0	51	0	98.2	0	99.9	0	0	0	31.9	0	100	0	0	0	0	0	0	0	0	0
26.071	0	0	0	0	0	81.1	0	0	0	97.5	0	0	67.7	0	99.2	0	100	0	0	0	53.1	0	100	0	0	0	0	0	0	0	0	0
26.912	0	0	0	0	0	90	0	0	0	99	0	0	81.1	0	99.9	0	100	0	0	0	63	0	100	0	0	0	0	0	0	0	0	0
27.753	0	0	0	0	0	97.3	0	0	0	99.3	0	0	93.6	0	99.9	0	100	0	0	0	86.6	0	100	0	0	0	0	0	0	0	0	0
28.594	0	0	0	0	0	99.1	0	0	0	100	0	0	96	0	100	0	100	0	0	0	92.6	0	100	0	0	0	0	0	0	0	0	0
29.435	0	0	0	0	0	99.1	0	0	0	100	0	0	98.6	0	100	0	100	0	0	0	97.3	0	99.9	0	0	0	0	0	0	0	0	0
30.276	0	0	0	0	0	99.9	0	0	0	100	0	0	99.9	0	100	0	100	0	0	0	99.4	0	100	0	0	0	0	0	0	0	0	0
31.117	0	0	0	0	0	100	0	0	0	100	0	0	100	0	100	0	100	0	0	0	99.9	0	100	0	0	0	0	0	0	0	0	0
31.958	0	0	0	0	0	100	0	0	0	100	0	0	100	0	100	0	100	0	0	0	100	0	100	0	0	0	0	0	0	0	0	0
32.799	0	0	0	0	0	100	0	0	0	100	0	0	100	0	100	0	100	0	0	0	100	0	100	0	0	0	0	0	0	0	0	0
33.64	0	0	0	0	0	100	0	0	0	100	0	0	100	0	100	0	100	0	0	0	100	0	100	0	0	0	0	0	0	0	0	0
34.481	0	0	0	0	0	100	0	0	0	100	0	0	100	0	100	0	100	0	0	0	100	0	100	0	0	0	0	0	0	0	0	0
35.322	0	0	0	0	0	100	0.4	0	0	100	0	0	100	0	100	0	100	0	0	0	100	0	100	0	0	0	0	0	0	0	0	0
36.163	0	0	0	0	0	100	1.3	0	0	100	0	0	100	0	100	0	100	0	0	0	100	0	100	0	0	0	0	0	0	0	0	0
37.004	0	0	0	0	0	100	2.9	0	0	99.9	0	0	100	0	100	0	100	0	0	0	100	0	100	0	0	0	0	0	0	0	0	0
37.845	0	0	0	0	0	100	8.1	0	0	100	0	0	100	0	100	0	100	0	0	0	99.9	0	100	0	0	0	0	0	0	0	0	0
38.686	0	0	0	0	0	100	14.8	0	0	100	0	0	100	0	100	0	100	0	0	0	100	0	100	0	0	0	0	0	0	0	0	0
39.527	0	0	0	0	0	100	22.9	0	0	100	0	0	100	0	100	0	100	0	0	0	100	0	100	0.1	0	0	0	0	0	0	0	0
40.368	0	0	0	0	0	100	40.2	0	0.1	100	0	0	100	0	100	0	100	0	0	0	100	0	100	0.1	0	0	0	0	0	0	0	0
41.209	0	0	0	0	0	100	58.5	0	0.1	100	0	0	100	0	100	0	100	0	0	0	100	0	100	0.4	0	0	0	0	0	0	0	0
42.05	0	0	0	0	0	100	71.7	0	1.8	100	0	0	100	0	100	0	100	0	0	0	100	0	100	2.5	0	0	0	0	0	0	0	0
42.891	0	0	0	0	0	100	85.4	0	2.9	100	0	0	100	0.3	100	0	100	0.1	0	0	100	0	100	6.9	0	0	0	0	0	0	0	0
43.732	0	0	0	0	0	100	92.1	0	8.8	100	0	0	100	0.6	100	0	100	0.8	0	0	100	0	100	14.9	0	0	0	0	0	0	0	0
44.573	0	0	0	0	0	100	97.4	0	15	100	0	0	100	1.4	100	0	100	2	0	0	100	0	100	32.8	0	0	0	0	0	0	0	0
45.414	0	0	0	0	0	100	98.7	0	27.9	100	0	0	100	2.7	100	0	100	5	0	0	100	0	100	45.9	0	0	0	0	0	0	0	0
46.255	0	0	0	0.5	0	100	99.1	0	43	100	0	0	100	8.4	100	0	100	11.8	0	0	100	0	100	58.5	0	0	0	0	0	0	0	0
47.096	0	0	0	0.9	0	100	99.9	0	61.3	100	0	0	100	18	100	0.1	100	22.4	0	0	100	0	100	73.7	0	0	0	0	0	0	0	0
47.937	0	0	0	3.1	0	100	99.8	0	78.7	100	0	0	100	31.3	100	0.1	100	33.7	0	0	100	0	100	86.6	0	0	0	0	0	0	0	0
48.778	0	0	0	6.3	0	100	100	0	87.7	100	0	0	100	46.1	100	0.4	100	55.2	0	0	100	0	100	92	0	0	0	0	0	0	0	0
49.619	0	0	0	15.6	0	100	100	0	95.1	100	0	0	100	60.6	100	0.8	100	71	0	0	100	0	100	98.1	0	0	0	0	0	0	0	0
50.46	0	0	0.7	26	0	100	100	0	97.7	100	0	0	100	76.9	100	2.2	100	84.5	0	0	100	0	100	99.4	0	0	0	0	0	0	0	0
51.301	0	0	1	46.4	0	100	100	0	99.6	100	0	0	100	88.5	100	5	100	92.4	0	0	100	0	100	99.8	0	0	0	0	0	0	0	0
52.142	0	0	1.9	63.2	0	100	100	0	99.9	100	0	0	100	93.1	100	13.7	100	96.3	0	0	100	0	100	100	0	0.1	0	0	0	0	0	0
52.983	0	0	6.8	78.6	0	100	100	0	100	100	0	0	100	98	100	24.2	100	99.4	0	0	100	0	100	99.9	0	0.9	0	0	0	0	0	0
53.824	0	0	13.5	88.6	0	100	100	0	100	100	0	0	100	99.4	100	39.5	100	99.7	0	0	100	0	100	100	0	2.8	0	0	0	0	0	0
54.665	0	0	28.6	92.7	0	100	100	0	100	100	0	0	100	99.4	100	57.8	100	99.8	0	0.1	100	0	100	100	0	6.3	0	0	0	0	0.1	0
55.506	0	0.1	44.3	98.1	0	100	100	0	100	100	0	0	100	99.9	100	75	100	99.9	0	0.1	100	0	100	100	0	17.6	0	0	0	0	0	0
56.347	0	0.7	59.4	99	0	100	100	0	100	100	0	0	100	100	100	87	100	100	0	0.8	100	0	100	100	0	24.3	0.2	0	0	0	1.4	0
57.188	0	0.8	71	99.5	0	100	100	0	100	100	0	0	100	100	100	93.5	100	100	0	2.8	100	0	100	100	0	35.5	0.3	0	0	0	2.6	0
58.029	0	3.7	86.2	99.9	0	100	100	0	100	100	0	0	100	100	100	97.8	100	100	0	8	100	0	100	100	0	51.8	1.2	0	0	0	6.6	0
58.87	0	9.3	93.8	100	0	100	100	0.1	100	100	0	0	100	100	100	99.8	100	100	0	16.4	100	0	100	100	0	67.9	4.4	0	0	0	14.6	0
59.711	0	18.3	96.9	100	0	100	100	0.2	100	100	0	0	100	100	100	100	100	100	0	31.9	100	0	100	100	0	80.6	6.8	0	0	0	27.4	0
60.552	0	35	99.4	100	0	100	100	0.1	100	100	0	0	100	100	100	100	100	100	0	46.2	100	0	100	100	0	90.5	15.7	0	0	0	42.1	0
61.393	0	52.3	99.8	99.9	0	99.9	100	1	100	100	0	0	100	100	100	100	100	100	0	64.9	100	0	100	99.9	0	96.2	28.1	0	0	0	60.7	0
62.234	0	71	100	100	0	100	100	3.2	100	100	0	0	100	100	100	100	100	100	0	80.5	100	0	100	100	0	98.4	43.4	0	0	0	74	0.2
63.075	0	83	100	100	0	100	100	6.6	100	100	0	0	100	100	100	100	100	100	0	89.6	100	0	100	100	0	99.5	61.9	0	0	0	87.5	0.9
63.916	0	91.8	100	100	0	100	100	11.3	100	100	0	0	100	100	100	100	100	100	0	95	100	0	100	100	0	100	78.2	0	0	0	94.2	2.3
64.757	0	95.6	100	100	0	100	100	20.3	100	100	0	0	100	100	100	100	100	100	0	97.8	100	0	100	100	0	100	87.3	0	0	0	97.9	11
65.598	0	99.4	100	100	0	100	100	39.9	100	100	0	0	100	100	100	100	100	99.9	0	99.6	100	0.4	100	100	0	100	94.6	0	0	0	99.1	20.6
66.439	0	99.8	100	100	0	100	100	55.5	100	100	0	0	100	100	100	100	100	100	0	99.9	100	1.5	100	100	0	99.9	97.9	0	0	0	99.8	33
67.28	0	99.8	100	100	0	100	100	66	100	100	0	0	100	100	100	100	100	100	0	100	99.9	4	100	100	0	100	98.8	0	0	0	99.9	40.2
68.121	0	100	100	100	0	100	100	79.7	100	100	0	0	100	100	100	100	100	100	0	100	100	8	100	100	0	100	99.8	0	0	0	100	59.2
68.962	0	100	100	100	0	100	100	89.2	100	100	0	0	100	100	100	100	100	100	0.2	100	100	18.4	100	100	0	100	99.9	0	0	0	100	78.5
69.803	0	100	100	100	0	100	100	94.8	100	100	0	0.1	100	100	100	100	100	100	0.4	100	100	29.1	100	100	0	100	100	0	0	0	100	87.5
70.644	0	100	100	100	0	100	100	98.5	100	100	0	0.6	100	100	100	100	100	100	1.2	100	100	49.3	100	100	0	100	100	0	0	0	100	95.6
71.485	0	100	100	100	0	100	100	99.4	100	100	0	1.5	100	100	100	100	100	100	2.2	100	100	63.1	100	100	0	100	100	0	0	0	100	98.2
72.326	0	100	100	100	0	100	100	99.9	100	100	0	2.6	100	100	100	100	100	100	5.6	100	100	74.1	100	100	0	100	100	0	0	0	100	99.5
73.167	0	100	100	100	0	100	100	99.8	100	100	0	8.3	100	100	100	100	100	100	9.7	100	100	83.5	100	100	0	100	100	0	0.3	0	100	99.8
74.008	0	100	100	100	0	100	100	100	100	100	0	18.7	100	100	100	100	100	100	17.9	100	100	94.3	100	100	0	100	100	0	0.6	0	100	100
74.849	0	100	100	100	0	100	100	100	100	100	0	32.6	100	100	100	100	100	100	36.1	100	100	97.8	100	100	0	100	100	0	1.9	0	100	100
75.69	0	100	100	100	0	100	100	100	100	100	0	44.3	100	100	100	100	100	100	49.3	100	100	99	100	100	0	100	100	0	3.9	0.1	100	100
76.531	0	100	100	100	0.1	100	100	100	100	100	0	62.8	100	100	100	100	100	100	65.4	100	100	99.6	100	100	0	100	100	0	8.5	0.1	100	100
77.372	0	100	100	100	0.1	100	100	100	100	100	0	74.7	100	100	100	100	100	100	76.5	100	100	100	99.9	100	0	100	100	0	19.3	0.4	100	100
78.213	0	100	100	100	0.9	100	100	100	100	100	0	86.2	100	100	100	100	100	100	87.2	100	100	100	100	100	0	100	100	0	30.2	1.1	100	100
79.054	0	100	100	100	3.1	100	100	100	100	100	0	93.4	100	100	100	100	100	100	95.2	100	100	100	100	100	0	100	100	0	43.9	3.1	100	100
79.895	0	100	100	100	4.8	100	100	100	100	100	0	96.6	100	100	100	100	100	100	98.7	100	100	100	100	100	0	100	100	0	56.1	7.1	100	100
80.736	0	100	100	100	11.7	100	100	100	100	100	0	99.1	100	100	100	100	100	100	99.4	100	100	100	100	100	0	100	100	0	75	12.8	100	100
81.577	0	100	100	100	21	100	100	100	100	100	0	99.9	100	100	100	100	100	100	99.9	100	100	100	100	100	0	100	100	0.1	87.4	24	100	100
82.418	0	100	100	100	31.2	100	100	100	100	100	0	99.9	100	100	100	100	100	100	100	100	100	100	100	100	0	100	100	0	93.3	41.9	100	100
83.259	0.1	100	100	100	47.6	100	100	100	100	100	0	100	100	100	100	100	100	100	100	100	100	100	100	100	0	100	100	0.9	97.7	55.9	100	100
84.1	0.2	100	100	100	59.6	100	100	100	100	100	0	100	100	100	100	100	100	100	100	100	100	100	100	100	0	100	100	2.3	99.2	70.3	100	100
84.941	1.6	100	100	100	74.6	100	100	100	100	100	0	100	100	100	100	100	100	100	100	100	100	100	100	100	0.4	100	100	8.4	99.6	82.5	100	100
85.782	2.9	100	100	100	86.8	100	100	100	100	100	0	100	100	100	100	100	100	100	100	100	100	100	100	100	1	100	100	13.6	100	93.8	100	100
86.623	6.5	100	100	100	93.9	100	100	100	100	100	0	100	100	100	100	100	100	100	100	100	100	100	100	100	1.8	100	100	23.5	99.9	95.4	100	100
87.464	14.8	100	100	100	97.3	100	100	100	100	100	0	100	100	100	100	100	100	100	100	100	100	100	100	100	2.9	100	100	35.8	100	98.2	100	100
88.305	26.7	100	100	100	98.5	100	100	100	100	100	0.2	100	100	100	100	100	100	100	100	100	100	100	100	99.9	7.4	100	100	52.2	100	99.5	100	100
89.146	41.7	100	100	100	99.6	100	100	100	100	100	0.5	100	100	100	100	100	100	100	100	100	100	100	100	100	21.2	100	100	66.9	100	100	100	100
89.987	55.7	100	100	100	99.8	100	100	100	100	100	1.3	100	100	100	100	100	100	100	100	100	100	100	100	100	30.5	100	100	82.7	100	99.7	100	100
90.828	72.4	100	100	100	99.9	100	100	100	100	100	5.2	100	100	100	100	100	100	100	100	100	100	100	100	100	50	100	100	89.3	100	100	100	100
91.669	83.5	100	100	100	100	100	100	100	100	100	10.1	100	100	100	100	100	100	100	100	100	100	100	100	100	61.5	100	100	94.4	100	100	100	100
92.51	91.6	100	100	100	100	100	100	100	100	100	17.3	100	100	100	100	100	100	100	100	100	100	100	100	100	81.3	100	100	97.5	100	100	100	100
93.351	95.8	100	100	100	100	100	100	100	100	100	31.6	100	100	100	100	100	100	100	100	100	100	100	100	100	85.8	100	100	99.1	100	100	100	100
94.192	99	100	100	100	100	100	100	100	100	100	47.8	100	100	100	100	100	100	100	100	100	100	100	100	100	91.9	100	100	99.7	99.9	100	100	100
95.033	99.5	100	100	100	100	100	100	100	100	100	60.1	100	100	100	100	100	100	100	100	100	100	100	100	100	97.6	100	100	100	100	100	100	100
95.874	99.7	100	100	100	100	100	100	100	100	100	77.5	100	100	100	100	100	100	100	100	100	100	100	100	100	99.2	100	100	100	100	100	100	100
96.715	99.8	100	100	100	99.9	100	100	100	100	100	85.6	100	100	100	100	100	100	100	100	100	100	100	100	100	99.7	100	100	100	100	100	100	100
97.556	100	100	100	100	99.9	100	100	100	100	100	91.6	100	100	100	100	100	100	100	100	100	100	100	100	100	99.8	100	100	100	100	100	100	100
98.397	100	100	100	100	100	100	100	100	100	100	97	100	100	100	100	100	100	100	100	100	100	100	100	100	100	100	100	100	100	100	100	100
99.238	100	100	100	100	100	100	100	100	100	100	98.5	100	100	100	100	100	100	100	100	100	100	100	100	100	100	100	100	100	100	100	100	100
100.079	100	100	100	100	100	100	100	100	100	100	99.7	100	100	100	100	100	100	100	100	100	100	100	100	100	100	100	100	100	100	100	100	100
100.92	100	100	100	100	100	100	100	100	100	100	100	100	100	100	100	100	100	100	100	100	100	100	100	100	99.9	100	100	100	100	100	100	100
101.761	100	100	100	100	100	100	100	100	100	100	100	100	100	100	100	100	100	100	100	100	100	100	100	100	100	100	100	100	100	100	100	100
102.602	100	100	100	100	100	100	100	100	100	100	100	100	100	100	100	100	100	100	100	100	100	100	100	100	100	100	100	100	100	100	100	100
103.443	100	99.9	100	100	100	100	100	100	100	100	100	100	100	100	100	100	100	100	100	100	100	100	100	100	100	100	100	100	100	100	100	100
104.284	100	100	100	100	100	100	100	100	100	100	100	100	100	100	100	100	100	100	100	100	100	100	100	100	100	100	100	100	100	100	100	100
105.125	100	100	100	100	100	100	100	100	100	100	100	100	100	100	100	100	100	100	100	100	100	100	100	100	100	100	100	100	100	100	100	100
105.966	100	100	100	100	100	100	100	100	100	100	99.9	100	100	100	100	100	100	100	100	100	100	100	100	100	100	100	100	100	100	100	100	100
106.807	100	100	100	100	100	100	100	100	100	100	100	100	100	100	100	100	100	100	100	100	100	100	100	100	100	100	100	100	100	100	100	100
107.648	100	100	100	100	100	100	100	100	100	100	100	100	100	100	100	100	100	99.9	100	100	100	100	100	100	100	100	100	100	100	100	100	100
108.489	100	100	100	100	100	100	100	100	100	100	100	100	100	100	100	100	100	100	100	100	100	100	100	100	100	100	100	100	100	100	100	100
109.33	100	100	100	100	100	100	100	100	100	100	100	100	100	100	100	100	100	100	100	100	100	100	100	100	100	100	100	100	100	100	100	100
110.171	100	100	100	100	100	100	100	100	100	100	100	100	100	100	100	100	100	100	100	100	100	100	100	100	100	100	100	100	100	100	100	100
111.012	100	100	100	100	100	100	100	100	100	100	100	99.9	100	100	100	99.9	100	100	100	100	100	100	100	100	100	100	100	100	100	100	100	100
111.853	100	100	100	100	100	100	100	100	100	100	100	100	100	100	100	100	100	100	100	100	100	100	100	100	100	100	100	100	100	100	100	100
112.694	100	100	100	100	100	100	100	100	100	100	100	100	100	100	100	100	100	100	100	100	100	100	100	100	100	100	100	100	100	100	100	100
113.535	100	100	100	100	100	100	100	100	100	100	100	100	100	100	100	100	100	100	100	100	100	100	100	100	100	100	100	100	100	100	100	100
114.376	100	100	100	100	100	100	100	100	100	100	100	100	100	100	100	100	100	100	100	100	100	100	100	100	100	100	100	100	100	100	100	100
115.217	100	100	100	100	100	100	100	100	100	100	100	100	100	100	100	100	100	100	100	100	100	100	100	100	100	100	100	100	100	100	100	100
116.058	100	100	100	100	100	100	100	100	100	100	100	100	100	100	100	100	100	100	100	100	100	100	100	100	100	100	100	100	100	100	100	100
116.899	100	100	100	100	100	100	100	100	100	100	100	100	100	100	100	100	100	99.9	100	100	100	100	100	100	100	100	100	100	100	100	100	100
117.74	100	100	100	100	100	100	100	100	100	100	100	100	100	100	100	100	100	100	100	100	100	100	100	100	100	100	100	100	100	100	100	100
118.581	100	100	100	100	100	100	100	100	100	100	100	100	100	100	100	99.9	100	100	100	100	100	100	100	100	100	100	100	100	100	100	100	100
119.422	100	100	100	100	100	100	100	100	100	100	100	100	100	100	100	100	100	100	100	100	100	100	100	100	100	100	100	100	100	100	100	100
120.263	100	100	100	100	100	100	100	100	100	100	100	100	100	100	100	100	100	100	100	100	100	100	100	100	100	100	100	100	100	100	100	100
121.104	100	100	100	100	100	100	100	100	100	100	100	100	100	100	100	100	100	100	100	100	100	100	100	100	100	100	100	100	100	100	100	100
121.945	100	100	100	100	100	100	100	100	100	100	100	100	100	100	100	100	100	100	100	100	100	100	100	100	100	100	100	100	100	100	100	100
122.786	100	100	100	100	100	100	100	100	100	100	100	100	100	100	100	100	100	100	100	100	100	100	100	100	100	100	100	100	100	100	100	100
123.627	99.9	100	100	100	100	100	100	100	100	100	100	100	100	100	100	100	100	100	100	100	100	100	100	100	100	100	100	100	100	100	100	100
124.468	100	100	100	100	100	100	100	100	100	100	100	100	100	100	100	100	100	100	100	100	100	100	100	100	100	100	100	100	100	100	100	100
125.309	100	100	100	100	99.9	100	100	100	100	100	100	100	100	100	100	100	100	100	100	100	100	100	100	100	100	100	100	100	100	100	100	100
126.15	100	100	100	100	100	100	100	100	100	100	100	100	100	100	100	100	100	100	100	100	100	100	100	100	100	100	100	100	100	100	100	100
126.991	100	100	99.9	100	100	100	100	100	100	100	100	100	100	100	100	100	100	100	100	100	100	100	100	100	100	100	100	100	100	100	100	100
127.832	100	100	100	100	100	100	100	100	100	100	100	100	100	100	100	100	100	100	100	100	100	100	100	100	100	100	100	100	100	100	100	100
128.673	100	100	100	100	100	100	100	100	100	100	100	100	100	100	100	100	100	100	100	100	100	100	100	100	100	100	100	100	100	100	100	100
129.514	100	100	100	100	100	100	100	100	100	100	100	100	100	100	100	100	100	100	100	100	100	100	100	100	100	100	100	100	100	100	100	100
130.355	100	100	100	100	100	100	100	100	100	100	100	100	100	100	100	100	100	100	100	100	100	100	100	100	100	100	100	100	100	100	100	100
131.196	100	100	100	100	100	100	100	100	100	100	100	100	100	100	100	100	100	100	100	100	100	100	100	100	100	100	100	100	100	100	100	100
132.037	100	100	100	100	100	100	100	100	100	100	100	100	100	100	100	100	100	100	100	100	100	100	100	100	100	100	100	100	100	100	100	100
132.878	100	100	100	100	100	100	100	100	100	100	100	100	100	100	100	100	100	100	100	100	100	100	100	100	100	100	100	100	100	100	100	100
133.719	100	100	100	100	100	100	100	100	100	100	100	100	100	100	100	100	100	100	100	100	100	100	100	99.9	100	100	100	100	100	100	100	100
134.56	100	100	100	100	100	100	100	100	100	100	100	100	100	100	100	100	100	100	100	100	100	100	100	100	100	100	100	100	100	100	100	100
135.401	100	100	100	100	100	100	100	100	100	100	100	100	100	100	100	100	100	100	100	100	100	100	100	100	100	100	100	99.9	100	100	99.9	100
136.242	100	100	100	100	100	100	100	100	100	100	100	100	100	100	100	100	100	100	100	100	100	100	100	100	100	100	100	100	100	100	100	100
137.083	100	100	100	100	100	100	100	100	100	100	100	100	100	100	100	100	100	100	100	100	100	100	100	100	100	100	100	99.9	100	100	100	100
137.924	100	100	100	100	100	100	100	100	100	100	100	100	100	100	100	100	100	100	100	100	100	100	100	100	100	100	100	100	99.9	100	100	100
138.765	100	99.9	100	100	100	100	100	100	100	100	100	100	100	100	100	100	100	100	100	100	100	100	100	100	100	100	100	100	100	100	100	100
139.606	100	100	100	100	100	100	100	100	100	100	100	100	100	100	100	100	100	100	100	100	100	100	100	100	100	100	100	100	100	100	100	100
140.447	100	100	100	100	100	100	100	100	100	100	100	100	100	100	100	100	100	100	100	100	100	100	100	100	100	100	100	100	100	100	100	100
141.288	100	100	100	100	100	100	100	100	100	100	100	100	100	100	100	100	100	100	100	100	100	100	100	100	100	100	100	100	100	100	100	100
142.129	100	100	100	100	100	100	100	100	100	100	100	100	100	100	100	100	100	100	100	100	100	100	100	100	100	100	100	100	100	100	100	100
142.97	100	100	100	100	100	100	100	100	100	100	100	100	100	100	100	100	100	100	100	100	100	100	100	100	100	100	100	100	100	100	100	100
143.811	100	100	100	100	100	100	100	100	100	100	100	100	100	100	100	100	100	100	100	100	100	100	100	100	100	100	100	100	100	100	100	100
144.652	100	99.9	100	100	100	100	100	100	100	100	100	100	100	100	100	100	100	100	100	100	100	100	100	100	100	100	100	100	100	100	100	100
145.493	100	100	100	100	100	100	100	100	100	100	100	100	100	100	100	100	100	100	100	100	100	99.9	100	100	100	100	100	100	100	100	100	100
146.334	100	100	100	100	100	100	100	100	100	100	100	100	100	100	100	100	100	100	100	100	100	100	100	100	100	100	100	100	100	100	100	100
147.175	100	100	100	100	100	100	100	100	100	100	100	100	100	100	100	100	100	100	100	100	100	100	100	100	100	100	100	100	100	100	100	100
148.016	100	100	100	100	100	100	99.9	100	100	100	100	100	100	100	100	100	100	100	100	100	100	100	100	100	100	100	100	100	100	100	100	100
148.857	100	100	100	100	100	100	100	100	100	100	100	100	100	100	100	100	100	100	100	100	100	100	100	100	100	100	100	100	100	100	100	100
149.698	100	100	100	100	100	100	100	100	100	100	100	100	100	100	100	100	100	100	100	100	100	100	100	100	100	100	100	100	100	100	100	100
150.539	100	100	100	100	100	100	100	100	100	100	100	100	100	100	100	100	100	100	100	100	100	100	100	100	100	100	100	100	100	100	100	100
151.38	100	100	99.9	100	100	100	100	100	100	100	100	100	100	100	100	100	100	100	100	100	100	100	100	100	100	100	100	100	100	100	100	100
152.221	100	100	100	100	100	100	100	100	100	100	100	100	100	100	100	100	100	100	100	100	100	100	100	100	100	100	100	100	100	100	99.9	100
153.062	100	100	100	100	100	100	100	100	100	100	100	100	100	100	100	100	100	100	100	100	100	100	100	100	100	100	100	100	100	100	100	100
153.903	100	100	100	100	100	100	100	100	100	100	100	100	100	100	100	100	100	100	100	100	100	100	100	100	100	100	100	100	100	100	100	100
154.744	100	100	100	100	100	100	100	100	100	100	100	100	100	100	100	100	100	100	100	100	100	100	100	100	100	100	100	100	100	100	100	100
155.585	100	100	100	100	100	100	100	100	100	100	100	100	100	100	100	100	100	100	100	100	100	100	100	100	100	100	100	100	100	100	100	100
156.426	100	100	100	100	100	100	100	100	100	100	100	100	100	100	100	100	100	100	100	100	100	100	100	100	100	100	100	100	100	100	100	100
157.267	100	100	100	100	100	100	100	100	100	100	100	100	100	100	100	100	100	100	100	100	100	100	100	100	100	100	100	100	100	100	100	100
158.108	100	100	100	100	100	100	100	100	100	100	100	100	100	100	100	100	100	100	100	100	100	100	100	100	100	100	100	100	100	100	100	100
158.949	100	100	100	100	100	100	100	100	100	100	100	100	100	100	100	100	100	100	100	100	100	100	100	100	100	100	100	100	100	100	100	100
159.79	100	100	100	100	100	100	100	100	100	100	100	100	100	100	100	100	100	100	100	100	100	100	100	100	100	100	100	100	100	100	100	100
160.631	100	100	100	100	100	100	100	100	100	100	100	100	100	100	100	100	100	100	100	100	100	100	100	100	100	100	100	100	100	100	100	100
161.472	100	100	100	100	100	100	100	100	100	100	100	100	100	100	100	100	100	100	100	100	100	100	100	100	100	100	100	100	100	100	100	100
162.313	100	100	100	100	100	100	100	100	100	100	100	100	100	100	100	100	100	100	100	100	100	100	100	100	100	100	99.9	100	100	100	100	100
163.154	100	100	100	100	100	100	100	100	100	100	100	100	100	100	100	100	100	100	100	100	100	100	100	100	100	100	100	100	100	100	100	100
163.995	99.9	100	100	100	100	100	100	99.9	100	100	100	100	100	100	100	100	100	100	100	100	100	100	100	100	100	100	100	100	100	100	100	100
164.836	100	100	100	100	100	100	100	100	100	100	100	100	100	100	100	100	100	100	100	100	100	100	100	100	100	100	100	100	100	100	100	100
165.677	100	100	100	100	100	100	100	100	100	100	100	100	100	100	100	100	100	100	100	100	100	100	100	100	100	100	100	100	100	100	100	100
166.518	100	100	100	100	100	100	100	100	100	100	100	100	100	100	100	100	100	100	100	100	100	100	100	100	100	100	100	100	100	100	100	100
167.359	100	100	100	100	100	100	100	100	100	100	100	100	100	100	100	100	100	100	100	100	100	100	100	100	100	100	100	100	100	100	100	100
168.2	100	100	100	100	100	100	100	100	100	100	100	100	100	100	100	100	100	100	100	100	100	100	100	100	100	100	100	100	100	100	100	100
