# ASIC configuration for the measurements:
# ------------------------------------------------------------------------------
# Mode = 000 
# Bias = 0110 
# CSArefs = 1011 
# Shaper = 100 
# Leakage mask = 00000000000000000000000000000000 
# Discr. enable mask = 00000000000000000000000011111111 
# Calibration mask = 11111111111111111111111111111111 
# Threshold = 212 
# FineTHR[0] = 001 
# FineTHR[1] = 000 
# FineTHR[2] = 111 
# FineTHR[3] = 010 
# FineTHR[4] = 000 
# FineTHR[5] = 111 
# FineTHR[6] = 000 
# FineTHR[7] = 111 
# FineTHR[8] = 111 
# FineTHR[9] = 110 
# FineTHR[10] = 000 
# FineTHR[11] = 011 
# FineTHR[12] = 000 
# FineTHR[13] = 101 
# FineTHR[14] = 101 
# FineTHR[15] = 010 
# FineTHR[16] = 000 
# FineTHR[17] = 110 
# FineTHR[18] = 101 
# FineTHR[19] = 110 
# FineTHR[20] = 111 
# FineTHR[21] = 111 
# FineTHR[22] = 000 
# FineTHR[23] = 111 
# FineTHR[24] = 111 
# FineTHR[25] = 010 
# FineTHR[26] = 000 
# FineTHR[27] = 011 
# FineTHR[28] = 111 
# FineTHR[29] = 000 
# FineTHR[30] = 000 
# FineTHR[31] = 111 
# ------------------------------------------------------------------------------
# Event data block #1
# Threshold	DAC	Events	Triggered	CH#
212	0	1000	0	0
212	0	1000	0	1
212	0	1000	0	2
212	0	1000	0	3
212	0	1000	0	4
212	0	1000	0	5
212	0	1000	0	6
212	0	1000	0	7
212	0	1000	0	8
212	0	1000	0	9
212	0	1000	0	10
212	0	1000	0	11
212	0	1000	0	12
212	0	1000	0	13
212	0	1000	0	14
212	0	1000	0	15
212	0	1000	0	16
212	0	1000	0	17
212	0	1000	0	18
212	0	1000	0	19
212	0	1000	0	20
212	0	1000	0	21
212	0	1000	0	22
212	0	1000	0	23
212	0	1000	0	24
212	0	1000	0	25
212	0	1000	0	26
212	0	1000	0	27
212	0	1000	0	28
212	0	1000	0	29
212	0	1000	0	30
212	0	1000	0	31
# Event data block #2
# Threshold	DAC	Events	Triggered	CH#
212	5	1000	0	0
212	5	1000	0	1
212	5	1000	0	2
212	5	1000	0	3
212	5	1000	0	4
212	5	1000	0	5
212	5	1000	0	6
212	5	1000	0	7
212	5	1000	0	8
212	5	1000	0	9
212	5	1000	0	10
212	5	1000	0	11
212	5	1000	0	12
212	5	1000	0	13
212	5	1000	0	14
212	5	1000	0	15
212	5	1000	0	16
212	5	1000	0	17
212	5	1000	0	18
212	5	1000	0	19
212	5	1000	0	20
212	5	1000	0	21
212	5	1000	0	22
212	5	1000	0	23
212	5	1000	0	24
212	5	1000	0	25
212	5	1000	0	26
212	5	1000	0	27
212	5	1000	0	28
212	5	1000	0	29
212	5	1000	0	30
212	5	1000	0	31
# Event data block #3
# Threshold	DAC	Events	Triggered	CH#
212	10	1000	0	0
212	10	1000	0	1
212	10	1000	0	2
212	10	1000	0	3
212	10	1000	0	4
212	10	1000	0	5
212	10	1000	0	6
212	10	1000	0	7
212	10	1000	0	8
212	10	1000	0	9
212	10	1000	0	10
212	10	1000	0	11
212	10	1000	0	12
212	10	1000	0	13
212	10	1000	0	14
212	10	1000	0	15
212	10	1000	0	16
212	10	1000	0	17
212	10	1000	0	18
212	10	1000	0	19
212	10	1000	0	20
212	10	1000	0	21
212	10	1000	0	22
212	10	1000	0	23
212	10	1000	0	24
212	10	1000	0	25
212	10	1000	0	26
212	10	1000	0	27
212	10	1000	0	28
212	10	1000	0	29
212	10	1000	0	30
212	10	1000	0	31
# Event data block #4
# Threshold	DAC	Events	Triggered	CH#
212	15	1000	0	0
212	15	1000	0	1
212	15	1000	0	2
212	15	1000	0	3
212	15	1000	0	4
212	15	1000	0	5
212	15	1000	0	6
212	15	1000	0	7
212	15	1000	0	8
212	15	1000	0	9
212	15	1000	0	10
212	15	1000	0	11
212	15	1000	0	12
212	15	1000	0	13
212	15	1000	0	14
212	15	1000	0	15
212	15	1000	0	16
212	15	1000	0	17
212	15	1000	0	18
212	15	1000	0	19
212	15	1000	0	20
212	15	1000	0	21
212	15	1000	0	22
212	15	1000	0	23
212	15	1000	0	24
212	15	1000	0	25
212	15	1000	0	26
212	15	1000	0	27
212	15	1000	0	28
212	15	1000	0	29
212	15	1000	0	30
212	15	1000	0	31
# Event data block #5
# Threshold	DAC	Events	Triggered	CH#
212	20	1000	0	0
212	20	1000	0	1
212	20	1000	0	2
212	20	1000	0	3
212	20	1000	0	4
212	20	1000	0	5
212	20	1000	0	6
212	20	1000	0	7
212	20	1000	0	8
212	20	1000	0	9
212	20	1000	0	10
212	20	1000	0	11
212	20	1000	0	12
212	20	1000	0	13
212	20	1000	0	14
212	20	1000	0	15
212	20	1000	0	16
212	20	1000	0	17
212	20	1000	0	18
212	20	1000	0	19
212	20	1000	0	20
212	20	1000	0	21
212	20	1000	0	22
212	20	1000	0	23
212	20	1000	0	24
212	20	1000	0	25
212	20	1000	0	26
212	20	1000	0	27
212	20	1000	0	28
212	20	1000	0	29
212	20	1000	0	30
212	20	1000	0	31
# Event data block #6
# Threshold	DAC	Events	Triggered	CH#
212	25	1000	0	0
212	25	1000	0	1
212	25	1000	0	2
212	25	1000	0	3
212	25	1000	0	4
212	25	1000	0	5
212	25	1000	11	6
212	25	1000	0	7
212	25	1000	0	8
212	25	1000	0	9
212	25	1000	0	10
212	25	1000	0	11
212	25	1000	0	12
212	25	1000	0	13
212	25	1000	0	14
212	25	1000	0	15
212	25	1000	0	16
212	25	1000	0	17
212	25	1000	0	18
212	25	1000	0	19
212	25	1000	0	20
212	25	1000	0	21
212	25	1000	0	22
212	25	1000	0	23
212	25	1000	0	24
212	25	1000	0	25
212	25	1000	0	26
212	25	1000	0	27
212	25	1000	0	28
212	25	1000	0	29
212	25	1000	0	30
212	25	1000	0	31
# Event data block #7
# Threshold	DAC	Events	Triggered	CH#
212	30	1000	0	0
212	30	1000	0	1
212	30	1000	0	2
212	30	1000	0	3
212	30	1000	0	4
212	30	1000	0	5
212	30	1000	129	6
212	30	1000	0	7
212	30	1000	0	8
212	30	1000	0	9
212	30	1000	0	10
212	30	1000	0	11
212	30	1000	0	12
212	30	1000	0	13
212	30	1000	0	14
212	30	1000	0	15
212	30	1000	0	16
212	30	1000	0	17
212	30	1000	0	18
212	30	1000	0	19
212	30	1000	0	20
212	30	1000	0	21
212	30	1000	0	22
212	30	1000	0	23
212	30	1000	0	24
212	30	1000	0	25
212	30	1000	0	26
212	30	1000	0	27
212	30	1000	0	28
212	30	1000	0	29
212	30	1000	0	30
212	30	1000	0	31
# Event data block #8
# Threshold	DAC	Events	Triggered	CH#
212	35	1000	0	0
212	35	1000	0	1
212	35	1000	0	2
212	35	1000	0	3
212	35	1000	7	4
212	35	1000	0	5
212	35	1000	461	6
212	35	1000	0	7
212	35	1000	0	8
212	35	1000	0	9
212	35	1000	0	10
212	35	1000	0	11
212	35	1000	0	12
212	35	1000	0	13
212	35	1000	0	14
212	35	1000	0	15
212	35	1000	0	16
212	35	1000	0	17
212	35	1000	0	18
212	35	1000	0	19
212	35	1000	0	20
212	35	1000	0	21
212	35	1000	0	22
212	35	1000	0	23
212	35	1000	0	24
212	35	1000	0	25
212	35	1000	0	26
212	35	1000	0	27
212	35	1000	0	28
212	35	1000	0	29
212	35	1000	0	30
212	35	1000	0	31
# Event data block #9
# Threshold	DAC	Events	Triggered	CH#
212	40	1000	0	0
212	40	1000	0	1
212	40	1000	0	2
212	40	1000	0	3
212	40	1000	126	4
212	40	1000	0	5
212	40	1000	726	6
212	40	1000	0	7
212	40	1000	0	8
212	40	1000	0	9
212	40	1000	0	10
212	40	1000	0	11
212	40	1000	0	12
212	40	1000	0	13
212	40	1000	0	14
212	40	1000	0	15
212	40	1000	0	16
212	40	1000	0	17
212	40	1000	0	18
212	40	1000	0	19
212	40	1000	0	20
212	40	1000	0	21
212	40	1000	0	22
212	40	1000	0	23
212	40	1000	0	24
212	40	1000	0	25
212	40	1000	0	26
212	40	1000	0	27
212	40	1000	0	28
212	40	1000	0	29
212	40	1000	0	30
212	40	1000	0	31
# Event data block #10
# Threshold	DAC	Events	Triggered	CH#
212	45	1000	2	0
212	45	1000	0	1
212	45	1000	0	2
212	45	1000	0	3
212	45	1000	567	4
212	45	1000	0	5
212	45	1000	910	6
212	45	1000	0	7
212	45	1000	0	8
212	45	1000	0	9
212	45	1000	0	10
212	45	1000	0	11
212	45	1000	0	12
212	45	1000	0	13
212	45	1000	0	14
212	45	1000	0	15
212	45	1000	0	16
212	45	1000	0	17
212	45	1000	0	18
212	45	1000	0	19
212	45	1000	0	20
212	45	1000	0	21
212	45	1000	0	22
212	45	1000	0	23
212	45	1000	0	24
212	45	1000	0	25
212	45	1000	0	26
212	45	1000	0	27
212	45	1000	0	28
212	45	1000	0	29
212	45	1000	0	30
212	45	1000	0	31
# Event data block #11
# Threshold	DAC	Events	Triggered	CH#
212	50	1000	46	0
212	50	1000	2	1
212	50	1000	0	2
212	50	1000	0	3
212	50	1000	911	4
212	50	1000	0	5
212	50	1000	976	6
212	50	1000	0	7
212	50	1000	0	8
212	50	1000	0	9
212	50	1000	0	10
212	50	1000	0	11
212	50	1000	0	12
212	50	1000	0	13
212	50	1000	0	14
212	50	1000	0	15
212	50	1000	0	16
212	50	1000	0	17
212	50	1000	0	18
212	50	1000	0	19
212	50	1000	0	20
212	50	1000	0	21
212	50	1000	0	22
212	50	1000	0	23
212	50	1000	0	24
212	50	1000	0	25
212	50	1000	0	26
212	50	1000	0	27
212	50	1000	0	28
212	50	1000	0	29
212	50	1000	0	30
212	50	1000	0	31
# Event data block #12
# Threshold	DAC	Events	Triggered	CH#
212	55	1000	326	0
212	55	1000	84	1
212	55	1000	0	2
212	55	1000	0	3
212	55	1000	994	4
212	55	1000	0	5
212	55	1000	997	6
212	55	1000	0	7
212	55	1000	0	8
212	55	1000	0	9
212	55	1000	0	10
212	55	1000	0	11
212	55	1000	0	12
212	55	1000	0	13
212	55	1000	0	14
212	55	1000	0	15
212	55	1000	0	16
212	55	1000	0	17
212	55	1000	0	18
212	55	1000	0	19
212	55	1000	0	20
212	55	1000	0	21
212	55	1000	0	22
212	55	1000	0	23
212	55	1000	0	24
212	55	1000	0	25
212	55	1000	0	26
212	55	1000	0	27
212	55	1000	0	28
212	55	1000	0	29
212	55	1000	0	30
212	55	1000	0	31
# Event data block #13
# Threshold	DAC	Events	Triggered	CH#
212	60	1000	725	0
212	60	1000	462	1
212	60	1000	6	2
212	60	1000	13	3
212	60	1000	1000	4
212	60	1000	3	5
212	60	1000	999	6
212	60	1000	0	7
212	60	1000	0	8
212	60	1000	0	9
212	60	1000	0	10
212	60	1000	0	11
212	60	1000	0	12
212	60	1000	0	13
212	60	1000	0	14
212	60	1000	0	15
212	60	1000	0	16
212	60	1000	0	17
212	60	1000	0	18
212	60	1000	0	19
212	60	1000	0	20
212	60	1000	0	21
212	60	1000	0	22
212	60	1000	0	23
212	60	1000	0	24
212	60	1000	0	25
212	60	1000	0	26
212	60	1000	0	27
212	60	1000	0	28
212	60	1000	0	29
212	60	1000	0	30
212	60	1000	0	31
# Event data block #14
# Threshold	DAC	Events	Triggered	CH#
212	65	1000	960	0
212	65	1000	836	1
212	65	1000	152	2
212	65	1000	226	3
212	65	1000	1000	4
212	65	1000	84	5
212	65	1000	1000	6
212	65	1000	0	7
212	65	1000	0	8
212	65	1000	0	9
212	65	1000	0	10
212	65	1000	0	11
212	65	1000	0	12
212	65	1000	0	13
212	65	1000	0	14
212	65	1000	0	15
212	65	1000	0	16
212	65	1000	0	17
212	65	1000	0	18
212	65	1000	0	19
212	65	1000	0	20
212	65	1000	0	21
212	65	1000	0	22
212	65	1000	0	23
212	65	1000	0	24
212	65	1000	0	25
212	65	1000	0	26
212	65	1000	0	27
212	65	1000	0	28
212	65	1000	0	29
212	65	1000	0	30
212	65	1000	0	31
# Event data block #15
# Threshold	DAC	Events	Triggered	CH#
212	70	1000	998	0
212	70	1000	978	1
212	70	1000	617	2
212	70	1000	712	3
212	70	1000	1000	4
212	70	1000	382	5
212	70	1000	1000	6
212	70	1000	12	7
212	70	1000	0	8
212	70	1000	0	9
212	70	1000	0	10
212	70	1000	0	11
212	70	1000	0	12
212	70	1000	0	13
212	70	1000	0	14
212	70	1000	0	15
212	70	1000	0	16
212	70	1000	0	17
212	70	1000	0	18
212	70	1000	0	19
212	70	1000	0	20
212	70	1000	0	21
212	70	1000	0	22
212	70	1000	0	23
212	70	1000	0	24
212	70	1000	0	25
212	70	1000	0	26
212	70	1000	0	27
212	70	1000	0	28
212	70	1000	0	29
212	70	1000	0	30
212	70	1000	0	31
# Event data block #16
# Threshold	DAC	Events	Triggered	CH#
212	75	1000	1000	0
212	75	1000	1000	1
212	75	1000	957	2
212	75	1000	973	3
212	75	1000	1000	4
212	75	1000	732	5
212	75	1000	1000	6
212	75	1000	122	7
212	75	1000	0	8
212	75	1000	0	9
212	75	1000	0	10
212	75	1000	0	11
212	75	1000	0	12
212	75	1000	0	13
212	75	1000	0	14
212	75	1000	0	15
212	75	1000	0	16
212	75	1000	0	17
212	75	1000	0	18
212	75	1000	0	19
212	75	1000	0	20
212	75	1000	0	21
212	75	1000	0	22
212	75	1000	0	23
212	75	1000	0	24
212	75	1000	0	25
212	75	1000	0	26
212	75	1000	0	27
212	75	1000	0	28
212	75	1000	0	29
212	75	1000	0	30
212	75	1000	0	31
# Event data block #17
# Threshold	DAC	Events	Triggered	CH#
212	80	1000	1000	0
212	80	1000	1000	1
212	80	1000	998	2
212	80	1000	998	3
212	80	1000	1000	4
212	80	1000	922	5
212	80	1000	1000	6
212	80	1000	394	7
212	80	1000	0	8
212	80	1000	0	9
212	80	1000	0	10
212	80	1000	0	11
212	80	1000	0	12
212	80	1000	0	13
212	80	1000	0	14
212	80	1000	0	15
212	80	1000	0	16
212	80	1000	0	17
212	80	1000	0	18
212	80	1000	0	19
212	80	1000	0	20
212	80	1000	0	21
212	80	1000	0	22
212	80	1000	0	23
212	80	1000	0	24
212	80	1000	0	25
212	80	1000	0	26
212	80	1000	0	27
212	80	1000	0	28
212	80	1000	0	29
212	80	1000	0	30
212	80	1000	0	31
# Event data block #18
# Threshold	DAC	Events	Triggered	CH#
212	85	1000	1000	0
212	85	1000	1000	1
212	85	1000	1000	2
212	85	1000	1000	3
212	85	1000	1000	4
212	85	1000	988	5
212	85	1000	1000	6
212	85	1000	670	7
212	85	1000	0	8
212	85	1000	0	9
212	85	1000	0	10
212	85	1000	0	11
212	85	1000	0	12
212	85	1000	0	13
212	85	1000	0	14
212	85	1000	0	15
212	85	1000	0	16
212	85	1000	0	17
212	85	1000	0	18
212	85	1000	0	19
212	85	1000	0	20
212	85	1000	0	21
212	85	1000	0	22
212	85	1000	0	23
212	85	1000	0	24
212	85	1000	0	25
212	85	1000	0	26
212	85	1000	0	27
212	85	1000	0	28
212	85	1000	0	29
212	85	1000	0	30
212	85	1000	0	31
# Event data block #19
# Threshold	DAC	Events	Triggered	CH#
212	90	1000	1000	0
212	90	1000	1000	1
212	90	1000	1000	2
212	90	1000	1000	3
212	90	1000	1000	4
212	90	1000	1000	5
212	90	1000	1000	6
212	90	1000	848	7
212	90	1000	0	8
212	90	1000	0	9
212	90	1000	0	10
212	90	1000	0	11
212	90	1000	0	12
212	90	1000	0	13
212	90	1000	0	14
212	90	1000	0	15
212	90	1000	0	16
212	90	1000	0	17
212	90	1000	0	18
212	90	1000	0	19
212	90	1000	0	20
212	90	1000	0	21
212	90	1000	0	22
212	90	1000	0	23
212	90	1000	0	24
212	90	1000	0	25
212	90	1000	0	26
212	90	1000	0	27
212	90	1000	0	28
212	90	1000	0	29
212	90	1000	0	30
212	90	1000	0	31
# Event data block #20
# Threshold	DAC	Events	Triggered	CH#
212	95	1000	1000	0
212	95	1000	1000	1
212	95	1000	1000	2
212	95	1000	1000	3
212	95	1000	1000	4
212	95	1000	999	5
212	95	1000	1000	6
212	95	1000	938	7
212	95	1000	0	8
212	95	1000	0	9
212	95	1000	0	10
212	95	1000	0	11
212	95	1000	0	12
212	95	1000	0	13
212	95	1000	0	14
212	95	1000	0	15
212	95	1000	0	16
212	95	1000	0	17
212	95	1000	0	18
212	95	1000	0	19
212	95	1000	0	20
212	95	1000	0	21
212	95	1000	0	22
212	95	1000	0	23
212	95	1000	0	24
212	95	1000	0	25
212	95	1000	0	26
212	95	1000	0	27
212	95	1000	0	28
212	95	1000	0	29
212	95	1000	0	30
212	95	1000	0	31
# Event data block #21
# Threshold	DAC	Events	Triggered	CH#
212	100	1000	1000	0
212	100	1000	1000	1
212	100	1000	1000	2
212	100	1000	1000	3
212	100	1000	1000	4
212	100	1000	1000	5
212	100	1000	1000	6
212	100	1000	988	7
212	100	1000	0	8
212	100	1000	0	9
212	100	1000	0	10
212	100	1000	0	11
212	100	1000	0	12
212	100	1000	0	13
212	100	1000	0	14
212	100	1000	0	15
212	100	1000	0	16
212	100	1000	0	17
212	100	1000	0	18
212	100	1000	0	19
212	100	1000	0	20
212	100	1000	0	21
212	100	1000	0	22
212	100	1000	0	23
212	100	1000	0	24
212	100	1000	0	25
212	100	1000	0	26
212	100	1000	0	27
212	100	1000	0	28
212	100	1000	0	29
212	100	1000	0	30
212	100	1000	0	31
# Event data block #22
# Threshold	DAC	Events	Triggered	CH#
212	105	1000	1000	0
212	105	1000	1000	1
212	105	1000	1000	2
212	105	1000	1000	3
212	105	1000	1000	4
212	105	1000	1000	5
212	105	1000	1000	6
212	105	1000	998	7
212	105	1000	0	8
212	105	1000	0	9
212	105	1000	0	10
212	105	1000	0	11
212	105	1000	0	12
212	105	1000	0	13
212	105	1000	0	14
212	105	1000	0	15
212	105	1000	0	16
212	105	1000	0	17
212	105	1000	0	18
212	105	1000	0	19
212	105	1000	0	20
212	105	1000	0	21
212	105	1000	0	22
212	105	1000	0	23
212	105	1000	0	24
212	105	1000	0	25
212	105	1000	0	26
212	105	1000	0	27
212	105	1000	0	28
212	105	1000	0	29
212	105	1000	0	30
212	105	1000	0	31
# Event data block #23
# Threshold	DAC	Events	Triggered	CH#
212	110	1000	1000	0
212	110	1000	1000	1
212	110	1000	1000	2
212	110	1000	1000	3
212	110	1000	1000	4
212	110	1000	1000	5
212	110	1000	1000	6
212	110	1000	1000	7
212	110	1000	0	8
212	110	1000	0	9
212	110	1000	0	10
212	110	1000	0	11
212	110	1000	0	12
212	110	1000	0	13
212	110	1000	0	14
212	110	1000	0	15
212	110	1000	0	16
212	110	1000	0	17
212	110	1000	0	18
212	110	1000	0	19
212	110	1000	0	20
212	110	1000	0	21
212	110	1000	0	22
212	110	1000	0	23
212	110	1000	0	24
212	110	1000	0	25
212	110	1000	0	26
212	110	1000	0	27
212	110	1000	0	28
212	110	1000	0	29
212	110	1000	0	30
212	110	1000	0	31
# Event data block #24
# Threshold	DAC	Events	Triggered	CH#
212	115	1000	1000	0
212	115	1000	1000	1
212	115	1000	1000	2
212	115	1000	1000	3
212	115	1000	1000	4
212	115	1000	1000	5
212	115	1000	1000	6
212	115	1000	1000	7
212	115	1000	0	8
212	115	1000	0	9
212	115	1000	0	10
212	115	1000	0	11
212	115	1000	0	12
212	115	1000	0	13
212	115	1000	0	14
212	115	1000	0	15
212	115	1000	0	16
212	115	1000	0	17
212	115	1000	0	18
212	115	1000	0	19
212	115	1000	0	20
212	115	1000	0	21
212	115	1000	0	22
212	115	1000	0	23
212	115	1000	0	24
212	115	1000	0	25
212	115	1000	0	26
212	115	1000	0	27
212	115	1000	0	28
212	115	1000	0	29
212	115	1000	0	30
212	115	1000	0	31
# Event data block #25
# Threshold	DAC	Events	Triggered	CH#
212	120	1000	1000	0
212	120	1000	1000	1
212	120	1000	1000	2
212	120	1000	1000	3
212	120	1000	1000	4
212	120	1000	1000	5
212	120	1000	1000	6
212	120	1000	1000	7
212	120	1000	0	8
212	120	1000	0	9
212	120	1000	0	10
212	120	1000	0	11
212	120	1000	0	12
212	120	1000	0	13
212	120	1000	0	14
212	120	1000	0	15
212	120	1000	0	16
212	120	1000	0	17
212	120	1000	0	18
212	120	1000	0	19
212	120	1000	0	20
212	120	1000	0	21
212	120	1000	0	22
212	120	1000	0	23
212	120	1000	0	24
212	120	1000	0	25
212	120	1000	0	26
212	120	1000	0	27
212	120	1000	0	28
212	120	1000	0	29
212	120	1000	0	30
212	120	1000	0	31
# Event data block #26
# Threshold	DAC	Events	Triggered	CH#
212	125	1000	1000	0
212	125	1000	1000	1
212	125	1000	1000	2
212	125	1000	1000	3
212	125	1000	1000	4
212	125	1000	1000	5
212	125	1000	1000	6
212	125	1000	1000	7
212	125	1000	0	8
212	125	1000	0	9
212	125	1000	0	10
212	125	1000	0	11
212	125	1000	0	12
212	125	1000	0	13
212	125	1000	0	14
212	125	1000	0	15
212	125	1000	0	16
212	125	1000	0	17
212	125	1000	0	18
212	125	1000	0	19
212	125	1000	0	20
212	125	1000	0	21
212	125	1000	0	22
212	125	1000	0	23
212	125	1000	0	24
212	125	1000	0	25
212	125	1000	0	26
212	125	1000	0	27
212	125	1000	0	28
212	125	1000	0	29
212	125	1000	0	30
212	125	1000	0	31
# Event data block #27
# Threshold	DAC	Events	Triggered	CH#
212	130	1000	1000	0
212	130	1000	1000	1
212	130	1000	1000	2
212	130	1000	1000	3
212	130	1000	1000	4
212	130	1000	1000	5
212	130	1000	1000	6
212	130	1000	1000	7
212	130	1000	0	8
212	130	1000	0	9
212	130	1000	0	10
212	130	1000	0	11
212	130	1000	0	12
212	130	1000	0	13
212	130	1000	0	14
212	130	1000	0	15
212	130	1000	0	16
212	130	1000	0	17
212	130	1000	0	18
212	130	1000	0	19
212	130	1000	0	20
212	130	1000	0	21
212	130	1000	0	22
212	130	1000	0	23
212	130	1000	0	24
212	130	1000	0	25
212	130	1000	0	26
212	130	1000	0	27
212	130	1000	0	28
212	130	1000	0	29
212	130	1000	0	30
212	130	1000	0	31
# Event data block #28
# Threshold	DAC	Events	Triggered	CH#
212	135	1000	1000	0
212	135	1000	1000	1
212	135	1000	1000	2
212	135	1000	1000	3
212	135	1000	1000	4
212	135	1000	1000	5
212	135	1000	1000	6
212	135	1000	1000	7
212	135	1000	0	8
212	135	1000	0	9
212	135	1000	0	10
212	135	1000	0	11
212	135	1000	0	12
212	135	1000	0	13
212	135	1000	0	14
212	135	1000	0	15
212	135	1000	0	16
212	135	1000	0	17
212	135	1000	0	18
212	135	1000	0	19
212	135	1000	0	20
212	135	1000	0	21
212	135	1000	0	22
212	135	1000	0	23
212	135	1000	0	24
212	135	1000	0	25
212	135	1000	0	26
212	135	1000	0	27
212	135	1000	0	28
212	135	1000	0	29
212	135	1000	0	30
212	135	1000	0	31
# Event data block #29
# Threshold	DAC	Events	Triggered	CH#
212	140	1000	1000	0
212	140	1000	1000	1
212	140	1000	1000	2
212	140	1000	1000	3
212	140	1000	1000	4
212	140	1000	1000	5
212	140	1000	1000	6
212	140	1000	1000	7
212	140	1000	0	8
212	140	1000	0	9
212	140	1000	0	10
212	140	1000	0	11
212	140	1000	0	12
212	140	1000	0	13
212	140	1000	0	14
212	140	1000	0	15
212	140	1000	0	16
212	140	1000	0	17
212	140	1000	0	18
212	140	1000	0	19
212	140	1000	0	20
212	140	1000	0	21
212	140	1000	0	22
212	140	1000	0	23
212	140	1000	0	24
212	140	1000	0	25
212	140	1000	0	26
212	140	1000	0	27
212	140	1000	0	28
212	140	1000	0	29
212	140	1000	0	30
212	140	1000	0	31
# Event data block #30
# Threshold	DAC	Events	Triggered	CH#
212	145	1000	1000	0
212	145	1000	1000	1
212	145	1000	1000	2
212	145	1000	1000	3
212	145	1000	1000	4
212	145	1000	1000	5
212	145	1000	1000	6
212	145	1000	1000	7
212	145	1000	0	8
212	145	1000	0	9
212	145	1000	0	10
212	145	1000	0	11
212	145	1000	0	12
212	145	1000	0	13
212	145	1000	0	14
212	145	1000	0	15
212	145	1000	0	16
212	145	1000	0	17
212	145	1000	0	18
212	145	1000	0	19
212	145	1000	0	20
212	145	1000	0	21
212	145	1000	0	22
212	145	1000	0	23
212	145	1000	0	24
212	145	1000	0	25
212	145	1000	0	26
212	145	1000	0	27
212	145	1000	0	28
212	145	1000	0	29
212	145	1000	0	30
212	145	1000	0	31
# Event data block #31
# Threshold	DAC	Events	Triggered	CH#
212	150	1000	1000	0
212	150	1000	1000	1
212	150	1000	1000	2
212	150	1000	1000	3
212	150	1000	1000	4
212	150	1000	1000	5
212	150	1000	1000	6
212	150	1000	1000	7
212	150	1000	0	8
212	150	1000	0	9
212	150	1000	0	10
212	150	1000	0	11
212	150	1000	0	12
212	150	1000	0	13
212	150	1000	0	14
212	150	1000	0	15
212	150	1000	0	16
212	150	1000	0	17
212	150	1000	0	18
212	150	1000	0	19
212	150	1000	0	20
212	150	1000	0	21
212	150	1000	0	22
212	150	1000	0	23
212	150	1000	0	24
212	150	1000	0	25
212	150	1000	0	26
212	150	1000	0	27
212	150	1000	0	28
212	150	1000	0	29
212	150	1000	0	30
212	150	1000	0	31
# Event data block #32
# Threshold	DAC	Events	Triggered	CH#
212	155	1000	999	0
212	155	1000	1000	1
212	155	1000	1000	2
212	155	1000	1000	3
212	155	1000	1000	4
212	155	1000	1000	5
212	155	1000	1000	6
212	155	1000	1000	7
212	155	1000	0	8
212	155	1000	0	9
212	155	1000	0	10
212	155	1000	0	11
212	155	1000	0	12
212	155	1000	0	13
212	155	1000	0	14
212	155	1000	0	15
212	155	1000	0	16
212	155	1000	0	17
212	155	1000	0	18
212	155	1000	0	19
212	155	1000	0	20
212	155	1000	0	21
212	155	1000	0	22
212	155	1000	0	23
212	155	1000	0	24
212	155	1000	0	25
212	155	1000	0	26
212	155	1000	0	27
212	155	1000	0	28
212	155	1000	0	29
212	155	1000	0	30
212	155	1000	0	31
# Event data block #33
# Threshold	DAC	Events	Triggered	CH#
212	160	1000	1000	0
212	160	1000	1000	1
212	160	1000	1000	2
212	160	1000	1000	3
212	160	1000	1000	4
212	160	1000	1000	5
212	160	1000	1000	6
212	160	1000	1000	7
212	160	1000	0	8
212	160	1000	0	9
212	160	1000	0	10
212	160	1000	0	11
212	160	1000	0	12
212	160	1000	0	13
212	160	1000	0	14
212	160	1000	0	15
212	160	1000	0	16
212	160	1000	0	17
212	160	1000	0	18
212	160	1000	0	19
212	160	1000	0	20
212	160	1000	0	21
212	160	1000	0	22
212	160	1000	0	23
212	160	1000	0	24
212	160	1000	0	25
212	160	1000	0	26
212	160	1000	0	27
212	160	1000	0	28
212	160	1000	0	29
212	160	1000	0	30
212	160	1000	0	31
# Event data block #34
# Threshold	DAC	Events	Triggered	CH#
212	165	1000	1000	0
212	165	1000	1000	1
212	165	1000	1000	2
212	165	1000	1000	3
212	165	1000	1000	4
212	165	1000	1000	5
212	165	1000	1000	6
212	165	1000	1000	7
212	165	1000	0	8
212	165	1000	0	9
212	165	1000	0	10
212	165	1000	0	11
212	165	1000	0	12
212	165	1000	0	13
212	165	1000	0	14
212	165	1000	0	15
212	165	1000	0	16
212	165	1000	0	17
212	165	1000	0	18
212	165	1000	0	19
212	165	1000	0	20
212	165	1000	0	21
212	165	1000	0	22
212	165	1000	0	23
212	165	1000	0	24
212	165	1000	0	25
212	165	1000	0	26
212	165	1000	0	27
212	165	1000	0	28
212	165	1000	0	29
212	165	1000	0	30
212	165	1000	0	31
# Event data block #35
# Threshold	DAC	Events	Triggered	CH#
212	170	1000	1000	0
212	170	1000	1000	1
212	170	1000	1000	2
212	170	1000	1000	3
212	170	1000	1000	4
212	170	1000	1000	5
212	170	1000	1000	6
212	170	1000	1000	7
212	170	1000	0	8
212	170	1000	0	9
212	170	1000	0	10
212	170	1000	0	11
212	170	1000	0	12
212	170	1000	0	13
212	170	1000	0	14
212	170	1000	0	15
212	170	1000	0	16
212	170	1000	0	17
212	170	1000	0	18
212	170	1000	0	19
212	170	1000	0	20
212	170	1000	0	21
212	170	1000	0	22
212	170	1000	0	23
212	170	1000	0	24
212	170	1000	0	25
212	170	1000	0	26
212	170	1000	0	27
212	170	1000	0	28
212	170	1000	0	29
212	170	1000	0	30
212	170	1000	0	31
# Event data block #36
# Threshold	DAC	Events	Triggered	CH#
212	175	1000	1000	0
212	175	1000	1000	1
212	175	1000	1000	2
212	175	1000	1000	3
212	175	1000	1000	4
212	175	1000	1000	5
212	175	1000	1000	6
212	175	1000	1000	7
212	175	1000	0	8
212	175	1000	0	9
212	175	1000	0	10
212	175	1000	0	11
212	175	1000	0	12
212	175	1000	0	13
212	175	1000	0	14
212	175	1000	0	15
212	175	1000	0	16
212	175	1000	0	17
212	175	1000	0	18
212	175	1000	0	19
212	175	1000	0	20
212	175	1000	0	21
212	175	1000	0	22
212	175	1000	0	23
212	175	1000	0	24
212	175	1000	0	25
212	175	1000	0	26
212	175	1000	0	27
212	175	1000	0	28
212	175	1000	0	29
212	175	1000	0	30
212	175	1000	0	31
# Event data block #37
# Threshold	DAC	Events	Triggered	CH#
212	180	1000	1000	0
212	180	1000	1000	1
212	180	1000	1000	2
212	180	1000	1000	3
212	180	1000	1000	4
212	180	1000	1000	5
212	180	1000	1000	6
212	180	1000	1000	7
212	180	1000	0	8
212	180	1000	0	9
212	180	1000	0	10
212	180	1000	0	11
212	180	1000	0	12
212	180	1000	0	13
212	180	1000	0	14
212	180	1000	0	15
212	180	1000	0	16
212	180	1000	0	17
212	180	1000	0	18
212	180	1000	0	19
212	180	1000	0	20
212	180	1000	0	21
212	180	1000	0	22
212	180	1000	0	23
212	180	1000	0	24
212	180	1000	0	25
212	180	1000	0	26
212	180	1000	0	27
212	180	1000	0	28
212	180	1000	0	29
212	180	1000	0	30
212	180	1000	0	31
# Event data block #38
# Threshold	DAC	Events	Triggered	CH#
212	185	1000	1000	0
212	185	1000	1000	1
212	185	1000	1000	2
212	185	1000	1000	3
212	185	1000	1000	4
212	185	1000	1000	5
212	185	1000	1000	6
212	185	1000	1000	7
212	185	1000	0	8
212	185	1000	0	9
212	185	1000	0	10
212	185	1000	0	11
212	185	1000	0	12
212	185	1000	0	13
212	185	1000	0	14
212	185	1000	0	15
212	185	1000	0	16
212	185	1000	0	17
212	185	1000	0	18
212	185	1000	0	19
212	185	1000	0	20
212	185	1000	0	21
212	185	1000	0	22
212	185	1000	0	23
212	185	1000	0	24
212	185	1000	0	25
212	185	1000	0	26
212	185	1000	0	27
212	185	1000	0	28
212	185	1000	0	29
212	185	1000	0	30
212	185	1000	0	31
# Event data block #39
# Threshold	DAC	Events	Triggered	CH#
212	190	1000	1000	0
212	190	1000	1000	1
212	190	1000	1000	2
212	190	1000	1000	3
212	190	1000	1000	4
212	190	1000	1000	5
212	190	1000	1000	6
212	190	1000	1000	7
212	190	1000	0	8
212	190	1000	0	9
212	190	1000	0	10
212	190	1000	0	11
212	190	1000	0	12
212	190	1000	0	13
212	190	1000	0	14
212	190	1000	0	15
212	190	1000	0	16
212	190	1000	0	17
212	190	1000	0	18
212	190	1000	0	19
212	190	1000	0	20
212	190	1000	0	21
212	190	1000	0	22
212	190	1000	0	23
212	190	1000	0	24
212	190	1000	0	25
212	190	1000	0	26
212	190	1000	0	27
212	190	1000	0	28
212	190	1000	0	29
212	190	1000	0	30
212	190	1000	0	31
# Event data block #40
# Threshold	DAC	Events	Triggered	CH#
212	195	1000	1000	0
212	195	1000	1000	1
212	195	1000	1000	2
212	195	1000	1000	3
212	195	1000	1000	4
212	195	1000	1000	5
212	195	1000	1000	6
212	195	1000	1000	7
212	195	1000	0	8
212	195	1000	0	9
212	195	1000	0	10
212	195	1000	0	11
212	195	1000	0	12
212	195	1000	0	13
212	195	1000	0	14
212	195	1000	0	15
212	195	1000	0	16
212	195	1000	0	17
212	195	1000	0	18
212	195	1000	0	19
212	195	1000	0	20
212	195	1000	0	21
212	195	1000	0	22
212	195	1000	0	23
212	195	1000	0	24
212	195	1000	0	25
212	195	1000	0	26
212	195	1000	0	27
212	195	1000	0	28
212	195	1000	0	29
212	195	1000	0	30
212	195	1000	0	31
# Event data block #41
# Threshold	DAC	Events	Triggered	CH#
212	200	1000	1000	0
212	200	1000	1000	1
212	200	1000	1000	2
212	200	1000	1000	3
212	200	1000	1000	4
212	200	1000	1000	5
212	200	1000	1000	6
212	200	1000	1000	7
212	200	1000	0	8
212	200	1000	0	9
212	200	1000	0	10
212	200	1000	0	11
212	200	1000	0	12
212	200	1000	0	13
212	200	1000	0	14
212	200	1000	0	15
212	200	1000	0	16
212	200	1000	0	17
212	200	1000	0	18
212	200	1000	0	19
212	200	1000	0	20
212	200	1000	0	21
212	200	1000	0	22
212	200	1000	0	23
212	200	1000	0	24
212	200	1000	0	25
212	200	1000	0	26
212	200	1000	0	27
212	200	1000	0	28
212	200	1000	0	29
212	200	1000	0	30
212	200	1000	0	31
