# ASIC configuration for the measurements:
# ------------------------------------------------------------------------------
# Mode = 000 
# Bias = 0101 
# CSArefs = 1011 
# Shaper = 100 
# Leakage mask = 00000000000000000000000000000000 
# Discr. enable mask = 00000000000000000000000011111111 
# Calibration mask = 11111111111111111111111111111111 
# Threshold = 200 
# FineTHR[0] = 001 
# FineTHR[1] = 000 
# FineTHR[2] = 111 
# FineTHR[3] = 010 
# FineTHR[4] = 000 
# FineTHR[5] = 111 
# FineTHR[6] = 000 
# FineTHR[7] = 111 
# FineTHR[8] = 111 
# FineTHR[9] = 110 
# FineTHR[10] = 000 
# FineTHR[11] = 011 
# FineTHR[12] = 000 
# FineTHR[13] = 101 
# FineTHR[14] = 101 
# FineTHR[15] = 010 
# FineTHR[16] = 000 
# FineTHR[17] = 110 
# FineTHR[18] = 101 
# FineTHR[19] = 110 
# FineTHR[20] = 111 
# FineTHR[21] = 111 
# FineTHR[22] = 000 
# FineTHR[23] = 111 
# FineTHR[24] = 111 
# FineTHR[25] = 010 
# FineTHR[26] = 000 
# FineTHR[27] = 011 
# FineTHR[28] = 111 
# FineTHR[29] = 000 
# FineTHR[30] = 000 
# FineTHR[31] = 111 
# ------------------------------------------------------------------------------
# Event data block #1
# Threshold	DAC	Events	Triggered	CH#
200	0	1000	0	0
200	0	1000	0	1
200	0	1000	0	2
200	0	1000	0	3
200	0	1000	0	4
200	0	1000	0	5
200	0	1000	0	6
200	0	1000	0	7
200	0	1000	0	8
200	0	1000	0	9
200	0	1000	0	10
200	0	1000	0	11
200	0	1000	0	12
200	0	1000	0	13
200	0	1000	0	14
200	0	1000	0	15
200	0	1000	0	16
200	0	1000	0	17
200	0	1000	0	18
200	0	1000	0	19
200	0	1000	0	20
200	0	1000	0	21
200	0	1000	0	22
200	0	1000	0	23
200	0	1000	0	24
200	0	1000	0	25
200	0	1000	0	26
200	0	1000	0	27
200	0	1000	0	28
200	0	1000	0	29
200	0	1000	0	30
200	0	1000	0	31
# Event data block #2
# Threshold	DAC	Events	Triggered	CH#
200	5	1000	0	0
200	5	1000	0	1
200	5	1000	0	2
200	5	1000	0	3
200	5	1000	0	4
200	5	1000	0	5
200	5	1000	0	6
200	5	1000	0	7
200	5	1000	0	8
200	5	1000	0	9
200	5	1000	0	10
200	5	1000	0	11
200	5	1000	0	12
200	5	1000	0	13
200	5	1000	0	14
200	5	1000	0	15
200	5	1000	0	16
200	5	1000	0	17
200	5	1000	0	18
200	5	1000	0	19
200	5	1000	0	20
200	5	1000	0	21
200	5	1000	0	22
200	5	1000	0	23
200	5	1000	0	24
200	5	1000	0	25
200	5	1000	0	26
200	5	1000	0	27
200	5	1000	0	28
200	5	1000	0	29
200	5	1000	0	30
200	5	1000	0	31
# Event data block #3
# Threshold	DAC	Events	Triggered	CH#
200	10	1000	0	0
200	10	1000	0	1
200	10	1000	0	2
200	10	1000	0	3
200	10	1000	0	4
200	10	1000	0	5
200	10	1000	0	6
200	10	1000	0	7
200	10	1000	0	8
200	10	1000	0	9
200	10	1000	0	10
200	10	1000	0	11
200	10	1000	0	12
200	10	1000	0	13
200	10	1000	0	14
200	10	1000	0	15
200	10	1000	0	16
200	10	1000	0	17
200	10	1000	0	18
200	10	1000	0	19
200	10	1000	0	20
200	10	1000	0	21
200	10	1000	0	22
200	10	1000	0	23
200	10	1000	0	24
200	10	1000	0	25
200	10	1000	0	26
200	10	1000	0	27
200	10	1000	0	28
200	10	1000	0	29
200	10	1000	0	30
200	10	1000	0	31
# Event data block #4
# Threshold	DAC	Events	Triggered	CH#
200	15	1000	0	0
200	15	1000	0	1
200	15	1000	0	2
200	15	1000	0	3
200	15	1000	0	4
200	15	1000	0	5
200	15	1000	0	6
200	15	1000	0	7
200	15	1000	0	8
200	15	1000	0	9
200	15	1000	0	10
200	15	1000	0	11
200	15	1000	0	12
200	15	1000	0	13
200	15	1000	0	14
200	15	1000	0	15
200	15	1000	0	16
200	15	1000	0	17
200	15	1000	0	18
200	15	1000	0	19
200	15	1000	0	20
200	15	1000	0	21
200	15	1000	0	22
200	15	1000	0	23
200	15	1000	0	24
200	15	1000	0	25
200	15	1000	0	26
200	15	1000	0	27
200	15	1000	0	28
200	15	1000	0	29
200	15	1000	0	30
200	15	1000	0	31
# Event data block #5
# Threshold	DAC	Events	Triggered	CH#
200	20	1000	0	0
200	20	1000	0	1
200	20	1000	0	2
200	20	1000	0	3
200	20	1000	0	4
200	20	1000	0	5
200	20	1000	0	6
200	20	1000	0	7
200	20	1000	0	8
200	20	1000	0	9
200	20	1000	0	10
200	20	1000	0	11
200	20	1000	0	12
200	20	1000	0	13
200	20	1000	0	14
200	20	1000	0	15
200	20	1000	0	16
200	20	1000	0	17
200	20	1000	0	18
200	20	1000	0	19
200	20	1000	0	20
200	20	1000	0	21
200	20	1000	0	22
200	20	1000	0	23
200	20	1000	0	24
200	20	1000	0	25
200	20	1000	0	26
200	20	1000	0	27
200	20	1000	0	28
200	20	1000	0	29
200	20	1000	0	30
200	20	1000	0	31
# Event data block #6
# Threshold	DAC	Events	Triggered	CH#
200	25	1000	0	0
200	25	1000	0	1
200	25	1000	0	2
200	25	1000	0	3
200	25	1000	0	4
200	25	1000	0	5
200	25	1000	0	6
200	25	1000	0	7
200	25	1000	0	8
200	25	1000	0	9
200	25	1000	0	10
200	25	1000	0	11
200	25	1000	0	12
200	25	1000	0	13
200	25	1000	0	14
200	25	1000	0	15
200	25	1000	0	16
200	25	1000	0	17
200	25	1000	0	18
200	25	1000	0	19
200	25	1000	0	20
200	25	1000	0	21
200	25	1000	0	22
200	25	1000	0	23
200	25	1000	0	24
200	25	1000	0	25
200	25	1000	0	26
200	25	1000	0	27
200	25	1000	0	28
200	25	1000	0	29
200	25	1000	0	30
200	25	1000	0	31
# Event data block #7
# Threshold	DAC	Events	Triggered	CH#
200	30	1000	0	0
200	30	1000	0	1
200	30	1000	0	2
200	30	1000	0	3
200	30	1000	0	4
200	30	1000	0	5
200	30	1000	0	6
200	30	1000	0	7
200	30	1000	0	8
200	30	1000	0	9
200	30	1000	0	10
200	30	1000	0	11
200	30	1000	0	12
200	30	1000	0	13
200	30	1000	0	14
200	30	1000	0	15
200	30	1000	0	16
200	30	1000	0	17
200	30	1000	0	18
200	30	1000	0	19
200	30	1000	0	20
200	30	1000	0	21
200	30	1000	0	22
200	30	1000	0	23
200	30	1000	0	24
200	30	1000	0	25
200	30	1000	0	26
200	30	1000	0	27
200	30	1000	0	28
200	30	1000	0	29
200	30	1000	0	30
200	30	1000	0	31
# Event data block #8
# Threshold	DAC	Events	Triggered	CH#
200	35	1000	0	0
200	35	1000	0	1
200	35	1000	0	2
200	35	1000	0	3
200	35	1000	0	4
200	35	1000	0	5
200	35	1000	0	6
200	35	1000	0	7
200	35	1000	0	8
200	35	1000	0	9
200	35	1000	0	10
200	35	1000	0	11
200	35	1000	0	12
200	35	1000	0	13
200	35	1000	0	14
200	35	1000	0	15
200	35	1000	0	16
200	35	1000	0	17
200	35	1000	0	18
200	35	1000	0	19
200	35	1000	0	20
200	35	1000	0	21
200	35	1000	0	22
200	35	1000	0	23
200	35	1000	0	24
200	35	1000	0	25
200	35	1000	0	26
200	35	1000	0	27
200	35	1000	0	28
200	35	1000	0	29
200	35	1000	0	30
200	35	1000	0	31
# Event data block #9
# Threshold	DAC	Events	Triggered	CH#
200	40	1000	0	0
200	40	1000	0	1
200	40	1000	0	2
200	40	1000	0	3
200	40	1000	0	4
200	40	1000	0	5
200	40	1000	0	6
200	40	1000	0	7
200	40	1000	0	8
200	40	1000	0	9
200	40	1000	0	10
200	40	1000	0	11
200	40	1000	0	12
200	40	1000	0	13
200	40	1000	0	14
200	40	1000	0	15
200	40	1000	0	16
200	40	1000	0	17
200	40	1000	0	18
200	40	1000	0	19
200	40	1000	0	20
200	40	1000	0	21
200	40	1000	0	22
200	40	1000	0	23
200	40	1000	0	24
200	40	1000	0	25
200	40	1000	0	26
200	40	1000	0	27
200	40	1000	0	28
200	40	1000	0	29
200	40	1000	0	30
200	40	1000	0	31
# Event data block #10
# Threshold	DAC	Events	Triggered	CH#
200	45	1000	0	0
200	45	1000	0	1
200	45	1000	0	2
200	45	1000	0	3
200	45	1000	0	4
200	45	1000	0	5
200	45	1000	0	6
200	45	1000	0	7
200	45	1000	0	8
200	45	1000	0	9
200	45	1000	0	10
200	45	1000	0	11
200	45	1000	0	12
200	45	1000	0	13
200	45	1000	0	14
200	45	1000	0	15
200	45	1000	0	16
200	45	1000	0	17
200	45	1000	0	18
200	45	1000	0	19
200	45	1000	0	20
200	45	1000	0	21
200	45	1000	0	22
200	45	1000	0	23
200	45	1000	0	24
200	45	1000	0	25
200	45	1000	0	26
200	45	1000	0	27
200	45	1000	0	28
200	45	1000	0	29
200	45	1000	0	30
200	45	1000	0	31
# Event data block #11
# Threshold	DAC	Events	Triggered	CH#
200	50	1000	0	0
200	50	1000	0	1
200	50	1000	0	2
200	50	1000	0	3
200	50	1000	0	4
200	50	1000	0	5
200	50	1000	0	6
200	50	1000	0	7
200	50	1000	0	8
200	50	1000	0	9
200	50	1000	0	10
200	50	1000	0	11
200	50	1000	0	12
200	50	1000	0	13
200	50	1000	0	14
200	50	1000	0	15
200	50	1000	0	16
200	50	1000	0	17
200	50	1000	0	18
200	50	1000	0	19
200	50	1000	0	20
200	50	1000	0	21
200	50	1000	0	22
200	50	1000	0	23
200	50	1000	0	24
200	50	1000	0	25
200	50	1000	0	26
200	50	1000	0	27
200	50	1000	0	28
200	50	1000	0	29
200	50	1000	0	30
200	50	1000	0	31
# Event data block #12
# Threshold	DAC	Events	Triggered	CH#
200	55	1000	0	0
200	55	1000	0	1
200	55	1000	0	2
200	55	1000	0	3
200	55	1000	0	4
200	55	1000	0	5
200	55	1000	0	6
200	55	1000	0	7
200	55	1000	0	8
200	55	1000	0	9
200	55	1000	0	10
200	55	1000	0	11
200	55	1000	0	12
200	55	1000	0	13
200	55	1000	0	14
200	55	1000	0	15
200	55	1000	0	16
200	55	1000	0	17
200	55	1000	0	18
200	55	1000	0	19
200	55	1000	0	20
200	55	1000	0	21
200	55	1000	0	22
200	55	1000	0	23
200	55	1000	0	24
200	55	1000	0	25
200	55	1000	0	26
200	55	1000	0	27
200	55	1000	0	28
200	55	1000	0	29
200	55	1000	0	30
200	55	1000	0	31
# Event data block #13
# Threshold	DAC	Events	Triggered	CH#
200	60	1000	0	0
200	60	1000	0	1
200	60	1000	0	2
200	60	1000	0	3
200	60	1000	0	4
200	60	1000	0	5
200	60	1000	0	6
200	60	1000	0	7
200	60	1000	0	8
200	60	1000	0	9
200	60	1000	0	10
200	60	1000	0	11
200	60	1000	0	12
200	60	1000	0	13
200	60	1000	0	14
200	60	1000	0	15
200	60	1000	0	16
200	60	1000	0	17
200	60	1000	0	18
200	60	1000	0	19
200	60	1000	0	20
200	60	1000	0	21
200	60	1000	0	22
200	60	1000	0	23
200	60	1000	0	24
200	60	1000	0	25
200	60	1000	0	26
200	60	1000	0	27
200	60	1000	0	28
200	60	1000	0	29
200	60	1000	0	30
200	60	1000	0	31
# Event data block #14
# Threshold	DAC	Events	Triggered	CH#
200	65	1000	0	0
200	65	1000	0	1
200	65	1000	0	2
200	65	1000	0	3
200	65	1000	0	4
200	65	1000	0	5
200	65	1000	0	6
200	65	1000	0	7
200	65	1000	0	8
200	65	1000	0	9
200	65	1000	0	10
200	65	1000	0	11
200	65	1000	0	12
200	65	1000	0	13
200	65	1000	0	14
200	65	1000	0	15
200	65	1000	0	16
200	65	1000	0	17
200	65	1000	0	18
200	65	1000	0	19
200	65	1000	0	20
200	65	1000	0	21
200	65	1000	0	22
200	65	1000	0	23
200	65	1000	0	24
200	65	1000	0	25
200	65	1000	0	26
200	65	1000	0	27
200	65	1000	0	28
200	65	1000	0	29
200	65	1000	0	30
200	65	1000	0	31
# Event data block #15
# Threshold	DAC	Events	Triggered	CH#
200	70	1000	0	0
200	70	1000	0	1
200	70	1000	0	2
200	70	1000	0	3
200	70	1000	0	4
200	70	1000	0	5
200	70	1000	0	6
200	70	1000	0	7
200	70	1000	0	8
200	70	1000	0	9
200	70	1000	0	10
200	70	1000	0	11
200	70	1000	0	12
200	70	1000	0	13
200	70	1000	0	14
200	70	1000	0	15
200	70	1000	0	16
200	70	1000	0	17
200	70	1000	0	18
200	70	1000	0	19
200	70	1000	0	20
200	70	1000	0	21
200	70	1000	0	22
200	70	1000	0	23
200	70	1000	0	24
200	70	1000	0	25
200	70	1000	0	26
200	70	1000	0	27
200	70	1000	0	28
200	70	1000	0	29
200	70	1000	0	30
200	70	1000	0	31
# Event data block #16
# Threshold	DAC	Events	Triggered	CH#
200	75	1000	0	0
200	75	1000	0	1
200	75	1000	0	2
200	75	1000	0	3
200	75	1000	0	4
200	75	1000	0	5
200	75	1000	0	6
200	75	1000	0	7
200	75	1000	0	8
200	75	1000	0	9
200	75	1000	0	10
200	75	1000	0	11
200	75	1000	0	12
200	75	1000	0	13
200	75	1000	0	14
200	75	1000	0	15
200	75	1000	0	16
200	75	1000	0	17
200	75	1000	0	18
200	75	1000	0	19
200	75	1000	0	20
200	75	1000	0	21
200	75	1000	0	22
200	75	1000	0	23
200	75	1000	0	24
200	75	1000	0	25
200	75	1000	0	26
200	75	1000	0	27
200	75	1000	0	28
200	75	1000	0	29
200	75	1000	0	30
200	75	1000	0	31
# Event data block #17
# Threshold	DAC	Events	Triggered	CH#
200	80	1000	0	0
200	80	1000	0	1
200	80	1000	0	2
200	80	1000	0	3
200	80	1000	0	4
200	80	1000	0	5
200	80	1000	0	6
200	80	1000	0	7
200	80	1000	0	8
200	80	1000	0	9
200	80	1000	0	10
200	80	1000	0	11
200	80	1000	0	12
200	80	1000	0	13
200	80	1000	0	14
200	80	1000	0	15
200	80	1000	0	16
200	80	1000	0	17
200	80	1000	0	18
200	80	1000	0	19
200	80	1000	0	20
200	80	1000	0	21
200	80	1000	0	22
200	80	1000	0	23
200	80	1000	0	24
200	80	1000	0	25
200	80	1000	0	26
200	80	1000	0	27
200	80	1000	0	28
200	80	1000	0	29
200	80	1000	0	30
200	80	1000	0	31
# Event data block #18
# Threshold	DAC	Events	Triggered	CH#
200	85	1000	0	0
200	85	1000	0	1
200	85	1000	0	2
200	85	1000	0	3
200	85	1000	0	4
200	85	1000	0	5
200	85	1000	0	6
200	85	1000	0	7
200	85	1000	0	8
200	85	1000	0	9
200	85	1000	0	10
200	85	1000	0	11
200	85	1000	0	12
200	85	1000	0	13
200	85	1000	0	14
200	85	1000	0	15
200	85	1000	0	16
200	85	1000	0	17
200	85	1000	0	18
200	85	1000	0	19
200	85	1000	0	20
200	85	1000	0	21
200	85	1000	0	22
200	85	1000	0	23
200	85	1000	0	24
200	85	1000	0	25
200	85	1000	0	26
200	85	1000	0	27
200	85	1000	0	28
200	85	1000	0	29
200	85	1000	0	30
200	85	1000	0	31
# Event data block #19
# Threshold	DAC	Events	Triggered	CH#
200	90	1000	0	0
200	90	1000	0	1
200	90	1000	0	2
200	90	1000	0	3
200	90	1000	0	4
200	90	1000	0	5
200	90	1000	0	6
200	90	1000	0	7
200	90	1000	0	8
200	90	1000	0	9
200	90	1000	0	10
200	90	1000	0	11
200	90	1000	0	12
200	90	1000	0	13
200	90	1000	0	14
200	90	1000	0	15
200	90	1000	0	16
200	90	1000	0	17
200	90	1000	0	18
200	90	1000	0	19
200	90	1000	0	20
200	90	1000	0	21
200	90	1000	0	22
200	90	1000	0	23
200	90	1000	0	24
200	90	1000	0	25
200	90	1000	0	26
200	90	1000	0	27
200	90	1000	0	28
200	90	1000	0	29
200	90	1000	0	30
200	90	1000	0	31
# Event data block #20
# Threshold	DAC	Events	Triggered	CH#
200	95	1000	0	0
200	95	1000	0	1
200	95	1000	0	2
200	95	1000	0	3
200	95	1000	0	4
200	95	1000	0	5
200	95	1000	0	6
200	95	1000	0	7
200	95	1000	0	8
200	95	1000	0	9
200	95	1000	0	10
200	95	1000	0	11
200	95	1000	0	12
200	95	1000	0	13
200	95	1000	0	14
200	95	1000	0	15
200	95	1000	0	16
200	95	1000	0	17
200	95	1000	0	18
200	95	1000	0	19
200	95	1000	0	20
200	95	1000	0	21
200	95	1000	0	22
200	95	1000	0	23
200	95	1000	0	24
200	95	1000	0	25
200	95	1000	0	26
200	95	1000	0	27
200	95	1000	0	28
200	95	1000	0	29
200	95	1000	0	30
200	95	1000	0	31
# Event data block #21
# Threshold	DAC	Events	Triggered	CH#
200	100	1000	0	0
200	100	1000	0	1
200	100	1000	0	2
200	100	1000	0	3
200	100	1000	0	4
200	100	1000	0	5
200	100	1000	8	6
200	100	1000	0	7
200	100	1000	0	8
200	100	1000	0	9
200	100	1000	0	10
200	100	1000	0	11
200	100	1000	0	12
200	100	1000	0	13
200	100	1000	0	14
200	100	1000	0	15
200	100	1000	0	16
200	100	1000	0	17
200	100	1000	0	18
200	100	1000	0	19
200	100	1000	0	20
200	100	1000	0	21
200	100	1000	0	22
200	100	1000	0	23
200	100	1000	0	24
200	100	1000	0	25
200	100	1000	0	26
200	100	1000	0	27
200	100	1000	0	28
200	100	1000	0	29
200	100	1000	0	30
200	100	1000	0	31
# Event data block #22
# Threshold	DAC	Events	Triggered	CH#
200	105	1000	0	0
200	105	1000	0	1
200	105	1000	0	2
200	105	1000	0	3
200	105	1000	0	4
200	105	1000	0	5
200	105	1000	85	6
200	105	1000	0	7
200	105	1000	0	8
200	105	1000	0	9
200	105	1000	0	10
200	105	1000	0	11
200	105	1000	0	12
200	105	1000	0	13
200	105	1000	0	14
200	105	1000	0	15
200	105	1000	0	16
200	105	1000	0	17
200	105	1000	0	18
200	105	1000	0	19
200	105	1000	0	20
200	105	1000	0	21
200	105	1000	0	22
200	105	1000	0	23
200	105	1000	0	24
200	105	1000	0	25
200	105	1000	0	26
200	105	1000	0	27
200	105	1000	0	28
200	105	1000	0	29
200	105	1000	0	30
200	105	1000	0	31
# Event data block #23
# Threshold	DAC	Events	Triggered	CH#
200	110	1000	0	0
200	110	1000	0	1
200	110	1000	0	2
200	110	1000	0	3
200	110	1000	5	4
200	110	1000	0	5
200	110	1000	397	6
200	110	1000	0	7
200	110	1000	0	8
200	110	1000	0	9
200	110	1000	0	10
200	110	1000	0	11
200	110	1000	0	12
200	110	1000	0	13
200	110	1000	0	14
200	110	1000	0	15
200	110	1000	0	16
200	110	1000	0	17
200	110	1000	0	18
200	110	1000	0	19
200	110	1000	0	20
200	110	1000	0	21
200	110	1000	0	22
200	110	1000	0	23
200	110	1000	0	24
200	110	1000	0	25
200	110	1000	0	26
200	110	1000	0	27
200	110	1000	0	28
200	110	1000	0	29
200	110	1000	0	30
200	110	1000	0	31
# Event data block #24
# Threshold	DAC	Events	Triggered	CH#
200	115	1000	0	0
200	115	1000	0	1
200	115	1000	0	2
200	115	1000	0	3
200	115	1000	133	4
200	115	1000	0	5
200	115	1000	657	6
200	115	1000	0	7
200	115	1000	0	8
200	115	1000	0	9
200	115	1000	0	10
200	115	1000	0	11
200	115	1000	0	12
200	115	1000	0	13
200	115	1000	0	14
200	115	1000	0	15
200	115	1000	0	16
200	115	1000	0	17
200	115	1000	0	18
200	115	1000	0	19
200	115	1000	0	20
200	115	1000	0	21
200	115	1000	0	22
200	115	1000	0	23
200	115	1000	0	24
200	115	1000	0	25
200	115	1000	0	26
200	115	1000	0	27
200	115	1000	0	28
200	115	1000	0	29
200	115	1000	0	30
200	115	1000	0	31
# Event data block #25
# Threshold	DAC	Events	Triggered	CH#
200	120	1000	10	0
200	120	1000	0	1
200	120	1000	0	2
200	120	1000	0	3
200	120	1000	604	4
200	120	1000	0	5
200	120	1000	866	6
200	120	1000	0	7
200	120	1000	0	8
200	120	1000	0	9
200	120	1000	0	10
200	120	1000	0	11
200	120	1000	0	12
200	120	1000	0	13
200	120	1000	0	14
200	120	1000	0	15
200	120	1000	0	16
200	120	1000	0	17
200	120	1000	0	18
200	120	1000	0	19
200	120	1000	0	20
200	120	1000	0	21
200	120	1000	0	22
200	120	1000	0	23
200	120	1000	0	24
200	120	1000	0	25
200	120	1000	0	26
200	120	1000	0	27
200	120	1000	0	28
200	120	1000	0	29
200	120	1000	0	30
200	120	1000	0	31
# Event data block #26
# Threshold	DAC	Events	Triggered	CH#
200	125	1000	119	0
200	125	1000	0	1
200	125	1000	0	2
200	125	1000	0	3
200	125	1000	938	4
200	125	1000	0	5
200	125	1000	959	6
200	125	1000	0	7
200	125	1000	0	8
200	125	1000	0	9
200	125	1000	0	10
200	125	1000	0	11
200	125	1000	0	12
200	125	1000	0	13
200	125	1000	0	14
200	125	1000	0	15
200	125	1000	0	16
200	125	1000	0	17
200	125	1000	0	18
200	125	1000	0	19
200	125	1000	0	20
200	125	1000	0	21
200	125	1000	0	22
200	125	1000	0	23
200	125	1000	0	24
200	125	1000	0	25
200	125	1000	0	26
200	125	1000	0	27
200	125	1000	0	28
200	125	1000	0	29
200	125	1000	0	30
200	125	1000	0	31
# Event data block #27
# Threshold	DAC	Events	Triggered	CH#
200	130	1000	441	0
200	130	1000	16	1
200	130	1000	1	2
200	130	1000	0	3
200	130	1000	995	4
200	130	1000	0	5
200	130	1000	987	6
200	130	1000	0	7
200	130	1000	0	8
200	130	1000	0	9
200	130	1000	0	10
200	130	1000	0	11
200	130	1000	0	12
200	130	1000	0	13
200	130	1000	0	14
200	130	1000	0	15
200	130	1000	0	16
200	130	1000	0	17
200	130	1000	0	18
200	130	1000	0	19
200	130	1000	0	20
200	130	1000	0	21
200	130	1000	0	22
200	130	1000	0	23
200	130	1000	0	24
200	130	1000	0	25
200	130	1000	0	26
200	130	1000	0	27
200	130	1000	0	28
200	130	1000	0	29
200	130	1000	0	30
200	130	1000	0	31
# Event data block #28
# Threshold	DAC	Events	Triggered	CH#
200	135	1000	791	0
200	135	1000	174	1
200	135	1000	0	2
200	135	1000	0	3
200	135	1000	998	4
200	135	1000	0	5
200	135	1000	999	6
200	135	1000	0	7
200	135	1000	0	8
200	135	1000	0	9
200	135	1000	0	10
200	135	1000	0	11
200	135	1000	0	12
200	135	1000	0	13
200	135	1000	0	14
200	135	1000	0	15
200	135	1000	0	16
200	135	1000	0	17
200	135	1000	0	18
200	135	1000	0	19
200	135	1000	0	20
200	135	1000	0	21
200	135	1000	0	22
200	135	1000	0	23
200	135	1000	0	24
200	135	1000	0	25
200	135	1000	0	26
200	135	1000	0	27
200	135	1000	0	28
200	135	1000	0	29
200	135	1000	0	30
200	135	1000	0	31
# Event data block #29
# Threshold	DAC	Events	Triggered	CH#
200	140	1000	970	0
200	140	1000	517	1
200	140	1000	8	2
200	140	1000	0	3
200	140	1000	1000	4
200	140	1000	1	5
200	140	1000	1000	6
200	140	1000	0	7
200	140	1000	0	8
200	140	1000	0	9
200	140	1000	0	10
200	140	1000	0	11
200	140	1000	0	12
200	140	1000	0	13
200	140	1000	0	14
200	140	1000	0	15
200	140	1000	0	16
200	140	1000	0	17
200	140	1000	0	18
200	140	1000	0	19
200	140	1000	0	20
200	140	1000	0	21
200	140	1000	0	22
200	140	1000	0	23
200	140	1000	0	24
200	140	1000	0	25
200	140	1000	0	26
200	140	1000	0	27
200	140	1000	0	28
200	140	1000	0	29
200	140	1000	0	30
200	140	1000	0	31
# Event data block #30
# Threshold	DAC	Events	Triggered	CH#
200	145	1000	999	0
200	145	1000	856	1
200	145	1000	192	2
200	145	1000	0	3
200	145	1000	1000	4
200	145	1000	0	5
200	145	1000	1000	6
200	145	1000	0	7
200	145	1000	0	8
200	145	1000	0	9
200	145	1000	0	10
200	145	1000	0	11
200	145	1000	0	12
200	145	1000	0	13
200	145	1000	0	14
200	145	1000	0	15
200	145	1000	0	16
200	145	1000	0	17
200	145	1000	0	18
200	145	1000	0	19
200	145	1000	0	20
200	145	1000	0	21
200	145	1000	0	22
200	145	1000	0	23
200	145	1000	0	24
200	145	1000	0	25
200	145	1000	0	26
200	145	1000	0	27
200	145	1000	0	28
200	145	1000	0	29
200	145	1000	0	30
200	145	1000	0	31
# Event data block #31
# Threshold	DAC	Events	Triggered	CH#
200	150	1000	1000	0
200	150	1000	972	1
200	150	1000	700	2
200	150	1000	5	3
200	150	1000	1000	4
200	150	1000	0	5
200	150	1000	1000	6
200	150	1000	0	7
200	150	1000	0	8
200	150	1000	0	9
200	150	1000	0	10
200	150	1000	0	11
200	150	1000	0	12
200	150	1000	0	13
200	150	1000	0	14
200	150	1000	0	15
200	150	1000	0	16
200	150	1000	0	17
200	150	1000	0	18
200	150	1000	0	19
200	150	1000	0	20
200	150	1000	0	21
200	150	1000	0	22
200	150	1000	0	23
200	150	1000	0	24
200	150	1000	0	25
200	150	1000	0	26
200	150	1000	0	27
200	150	1000	0	28
200	150	1000	0	29
200	150	1000	0	30
200	150	1000	0	31
# Event data block #32
# Threshold	DAC	Events	Triggered	CH#
200	155	1000	1000	0
200	155	1000	999	1
200	155	1000	959	2
200	155	1000	143	3
200	155	1000	1000	4
200	155	1000	7	5
200	155	1000	1000	6
200	155	1000	0	7
200	155	1000	0	8
200	155	1000	0	9
200	155	1000	0	10
200	155	1000	0	11
200	155	1000	0	12
200	155	1000	0	13
200	155	1000	0	14
200	155	1000	0	15
200	155	1000	0	16
200	155	1000	0	17
200	155	1000	0	18
200	155	1000	0	19
200	155	1000	0	20
200	155	1000	0	21
200	155	1000	0	22
200	155	1000	0	23
200	155	1000	0	24
200	155	1000	0	25
200	155	1000	0	26
200	155	1000	0	27
200	155	1000	0	28
200	155	1000	0	29
200	155	1000	0	30
200	155	1000	0	31
# Event data block #33
# Threshold	DAC	Events	Triggered	CH#
200	160	1000	1000	0
200	160	1000	1000	1
200	160	1000	996	2
200	160	1000	554	3
200	160	1000	1000	4
200	160	1000	95	5
200	160	1000	1000	6
200	160	1000	10	7
200	160	1000	0	8
200	160	1000	0	9
200	160	1000	0	10
200	160	1000	0	11
200	160	1000	0	12
200	160	1000	0	13
200	160	1000	0	14
200	160	1000	0	15
200	160	1000	0	16
200	160	1000	0	17
200	160	1000	0	18
200	160	1000	0	19
200	160	1000	0	20
200	160	1000	0	21
200	160	1000	0	22
200	160	1000	0	23
200	160	1000	0	24
200	160	1000	0	25
200	160	1000	0	26
200	160	1000	0	27
200	160	1000	0	28
200	160	1000	0	29
200	160	1000	0	30
200	160	1000	0	31
# Event data block #34
# Threshold	DAC	Events	Triggered	CH#
200	165	1000	1000	0
200	165	1000	1000	1
200	165	1000	1000	2
200	165	1000	918	3
200	165	1000	1000	4
200	165	1000	367	5
200	165	1000	1000	6
200	165	1000	114	7
200	165	1000	0	8
200	165	1000	0	9
200	165	1000	0	10
200	165	1000	0	11
200	165	1000	0	12
200	165	1000	0	13
200	165	1000	0	14
200	165	1000	0	15
200	165	1000	0	16
200	165	1000	0	17
200	165	1000	0	18
200	165	1000	0	19
200	165	1000	0	20
200	165	1000	0	21
200	165	1000	0	22
200	165	1000	0	23
200	165	1000	0	24
200	165	1000	0	25
200	165	1000	0	26
200	165	1000	0	27
200	165	1000	0	28
200	165	1000	0	29
200	165	1000	0	30
200	165	1000	0	31
# Event data block #35
# Threshold	DAC	Events	Triggered	CH#
200	170	1000	1000	0
200	170	1000	1000	1
200	170	1000	1000	2
200	170	1000	995	3
200	170	1000	1000	4
200	170	1000	650	5
200	170	1000	1000	6
200	170	1000	313	7
200	170	1000	0	8
200	170	1000	0	9
200	170	1000	0	10
200	170	1000	0	11
200	170	1000	0	12
200	170	1000	0	13
200	170	1000	0	14
200	170	1000	0	15
200	170	1000	0	16
200	170	1000	0	17
200	170	1000	0	18
200	170	1000	0	19
200	170	1000	0	20
200	170	1000	0	21
200	170	1000	0	22
200	170	1000	0	23
200	170	1000	0	24
200	170	1000	0	25
200	170	1000	0	26
200	170	1000	0	27
200	170	1000	0	28
200	170	1000	0	29
200	170	1000	0	30
200	170	1000	0	31
# Event data block #36
# Threshold	DAC	Events	Triggered	CH#
200	175	1000	1000	0
200	175	1000	1000	1
200	175	1000	1000	2
200	175	1000	1000	3
200	175	1000	1000	4
200	175	1000	908	5
200	175	1000	1000	6
200	175	1000	614	7
200	175	1000	0	8
200	175	1000	0	9
200	175	1000	0	10
200	175	1000	0	11
200	175	1000	0	12
200	175	1000	0	13
200	175	1000	0	14
200	175	1000	0	15
200	175	1000	0	16
200	175	1000	0	17
200	175	1000	0	18
200	175	1000	0	19
200	175	1000	0	20
200	175	1000	0	21
200	175	1000	0	22
200	175	1000	0	23
200	175	1000	0	24
200	175	1000	0	25
200	175	1000	0	26
200	175	1000	0	27
200	175	1000	0	28
200	175	1000	0	29
200	175	1000	0	30
200	175	1000	0	31
# Event data block #37
# Threshold	DAC	Events	Triggered	CH#
200	180	1000	1000	0
200	180	1000	1000	1
200	180	1000	1000	2
200	180	1000	1000	3
200	180	1000	1000	4
200	180	1000	979	5
200	180	1000	1000	6
200	180	1000	812	7
200	180	1000	0	8
200	180	1000	0	9
200	180	1000	0	10
200	180	1000	0	11
200	180	1000	0	12
200	180	1000	0	13
200	180	1000	0	14
200	180	1000	0	15
200	180	1000	0	16
200	180	1000	0	17
200	180	1000	0	18
200	180	1000	0	19
200	180	1000	0	20
200	180	1000	0	21
200	180	1000	0	22
200	180	1000	0	23
200	180	1000	0	24
200	180	1000	0	25
200	180	1000	0	26
200	180	1000	0	27
200	180	1000	0	28
200	180	1000	0	29
200	180	1000	0	30
200	180	1000	0	31
# Event data block #38
# Threshold	DAC	Events	Triggered	CH#
200	185	1000	1000	0
200	185	1000	1000	1
200	185	1000	1000	2
200	185	1000	999	3
200	185	1000	1000	4
200	185	1000	998	5
200	185	1000	1000	6
200	185	1000	942	7
200	185	1000	0	8
200	185	1000	0	9
200	185	1000	0	10
200	185	1000	0	11
200	185	1000	0	12
200	185	1000	0	13
200	185	1000	0	14
200	185	1000	0	15
200	185	1000	0	16
200	185	1000	0	17
200	185	1000	0	18
200	185	1000	0	19
200	185	1000	0	20
200	185	1000	0	21
200	185	1000	0	22
200	185	1000	0	23
200	185	1000	0	24
200	185	1000	0	25
200	185	1000	0	26
200	185	1000	0	27
200	185	1000	0	28
200	185	1000	0	29
200	185	1000	0	30
200	185	1000	0	31
# Event data block #39
# Threshold	DAC	Events	Triggered	CH#
200	190	1000	1000	0
200	190	1000	1000	1
200	190	1000	1000	2
200	190	1000	1000	3
200	190	1000	1000	4
200	190	1000	999	5
200	190	1000	1000	6
200	190	1000	959	7
200	190	1000	0	8
200	190	1000	0	9
200	190	1000	0	10
200	190	1000	0	11
200	190	1000	0	12
200	190	1000	0	13
200	190	1000	0	14
200	190	1000	0	15
200	190	1000	0	16
200	190	1000	0	17
200	190	1000	0	18
200	190	1000	0	19
200	190	1000	0	20
200	190	1000	0	21
200	190	1000	0	22
200	190	1000	0	23
200	190	1000	0	24
200	190	1000	0	25
200	190	1000	0	26
200	190	1000	0	27
200	190	1000	0	28
200	190	1000	0	29
200	190	1000	0	30
200	190	1000	0	31
# Event data block #40
# Threshold	DAC	Events	Triggered	CH#
200	195	1000	1000	0
200	195	1000	1000	1
200	195	1000	1000	2
200	195	1000	1000	3
200	195	1000	1000	4
200	195	1000	999	5
200	195	1000	1000	6
200	195	1000	990	7
200	195	1000	0	8
200	195	1000	0	9
200	195	1000	0	10
200	195	1000	0	11
200	195	1000	0	12
200	195	1000	0	13
200	195	1000	0	14
200	195	1000	0	15
200	195	1000	0	16
200	195	1000	0	17
200	195	1000	0	18
200	195	1000	0	19
200	195	1000	0	20
200	195	1000	0	21
200	195	1000	0	22
200	195	1000	0	23
200	195	1000	0	24
200	195	1000	0	25
200	195	1000	0	26
200	195	1000	0	27
200	195	1000	0	28
200	195	1000	0	29
200	195	1000	0	30
200	195	1000	0	31
# Event data block #41
# Threshold	DAC	Events	Triggered	CH#
200	200	1000	1000	0
200	200	1000	1000	1
200	200	1000	1000	2
200	200	1000	1000	3
200	200	1000	1000	4
200	200	1000	1000	5
200	200	1000	1000	6
200	200	1000	1000	7
200	200	1000	0	8
200	200	1000	0	9
200	200	1000	0	10
200	200	1000	0	11
200	200	1000	0	12
200	200	1000	0	13
200	200	1000	0	14
200	200	1000	0	15
200	200	1000	0	16
200	200	1000	0	17
200	200	1000	0	18
200	200	1000	0	19
200	200	1000	0	20
200	200	1000	0	21
200	200	1000	0	22
200	200	1000	0	23
200	200	1000	0	24
200	200	1000	0	25
200	200	1000	0	26
200	200	1000	0	27
200	200	1000	0	28
200	200	1000	0	29
200	200	1000	0	30
200	200	1000	0	31
