   -14.499494	0.000000
   -13.658494	0.000000
   -12.817494	0.000000
   -11.976494	0.000000
   -11.135494	0.000000
   -10.294494	0.000000
   -9.453494	0.000000
   -8.612494	0.000000
   -7.771494	0.000000
   -6.930494	0.000000
   -6.089494	0.000000
   -5.248494	0.000000
   -4.407494	0.000000
   -3.566494	0.000000
   -2.725494	0.000000
   -1.884494	0.000000
   -1.043494	0.000000
   -0.202494	0.000000
   0.638506	0.000000
   1.479506	0.000000
   2.320506	0.000000
   3.161506	0.000000
   4.002506	0.000000
   4.843506	0.000000
   5.684506	0.000000
   6.525506	0.000000
   7.366506	0.000000
   8.207506	0.000000
   9.048506	0.000000
   9.889506	0.000000
   10.730506	0.000000
   11.571506	0.000000
   12.412506	0.000000
   13.253506	0.000000
   14.094506	0.000000
   14.935506	0.000000
   15.776506	0.000000
   16.617506	0.000000
   17.458506	0.000000
   18.299506	0.000000
   19.140506	0.000000
   19.981506	0.000000
   20.822506	0.000000
   21.663506	0.000000
   22.504506	0.000000
   23.345506	0.000000
   24.186506	0.000000
   25.027506	0.000000
   25.868506	0.000000
   26.709506	0.000000
   27.550506	0.000000
   28.391506	0.000000
   29.232506	0.000000
   30.073506	0.000000
   30.914506	0.000000
   31.755506	0.000000
   32.596506	0.000000
   33.437506	0.000000
   34.278506	0.000000
   35.119506	0.000000
   35.960506	0.000000
   36.801506	0.000000
   37.642506	0.000000
   38.483506	0.000000
   39.324506	0.000000
   40.165506	0.000000
   41.006506	0.000000
   41.847506	0.000000
   42.688506	0.000000
   43.529506	0.000000
   44.370506	0.000000
   45.211506	0.000000
   46.052506	0.000000
   46.893506	0.000000
   47.734506	0.000000
   48.575506	0.000000
   49.416506	0.000000
   50.257506	0.000000
   51.098506	0.000000
   51.939506	0.000000
   52.780506	0.000000
   53.621506	0.000000
   54.462506	0.000000
   55.303506	0.000000
   56.144506	0.000000
   56.985506	0.000000
   57.826506	0.000000
   58.667506	0.000000
   59.508506	0.000000
   60.349506	0.100000
   61.190506	0.400000
   62.031506	0.500000
   62.872506	1.100000
   63.713506	1.900000
   64.554506	4.200000
   65.395506	5.700000
   66.236506	8.800000
   67.077506	15.400000
   67.918506	22.100000
   68.759506	34.500000
   69.600506	42.500000
   70.441506	53.200000
   71.282506	63.500000
   72.123506	68.900000
   72.964506	79.100000
   73.805506	88.100000
   74.646506	90.500000
   75.487506	94.600000
   76.328506	95.800000
   77.169506	97.600000
   78.010506	98.800000
   78.851506	99.000000
   79.692506	99.700000
   80.533506	99.800000
   81.374506	99.800000
   82.215506	99.900000
   83.056506	100.000000
   83.897506	100.000000
   84.738506	100.000000
   85.579506	100.000000
   86.420506	100.000000
   87.261506	100.000000
   88.102506	100.000000
   88.943506	100.000000
   89.784506	100.000000
   90.625506	100.000000
   91.466506	100.000000
   92.307506	100.000000
   93.148506	100.000000
   93.989506	100.000000
   94.830506	100.000000
   95.671506	100.000000
   96.512506	100.000000
   97.353506	100.000000
   98.194506	100.000000
   99.035506	100.000000
   99.876506	100.000000
   100.717506	100.000000
   101.558506	100.000000
   102.399506	100.000000
   103.240506	100.000000
   104.081506	100.000000
   104.922506	100.000000
   105.763506	100.000000
   106.604506	100.000000
   107.445506	100.000000
   108.286506	100.000000
   109.127506	100.000000
   109.968506	100.000000
   110.809506	100.000000
   111.650506	100.000000
   112.491506	100.000000
   113.332506	100.000000
   114.173506	100.000000
   115.014506	100.000000
   115.855506	100.000000
   116.696506	100.000000
   117.537506	100.000000
   118.378506	100.000000
   119.219506	100.000000
   120.060506	100.000000
   120.901506	100.000000
   121.742506	100.000000
   122.583506	100.000000
   123.424506	100.000000
   124.265506	100.000000
   125.106506	100.000000
   125.947506	100.000000
   126.788506	100.000000
   127.629506	100.000000
   128.470506	100.000000
   129.311506	100.000000
   130.152506	100.000000
   130.993506	100.000000
   131.834506	100.000000
   132.675506	100.000000
   133.516506	100.000000
   134.357506	100.000000
   135.198506	100.000000
   136.039506	100.000000
   136.880506	100.000000
   137.721506	100.000000
   138.562506	100.000000
   139.403506	100.000000
   140.244506	100.000000
   141.085506	100.000000
   141.926506	100.000000
   142.767506	100.000000
   143.608506	100.000000
   144.449506	100.000000
   145.290506	100.000000
   146.131506	100.000000
   146.972506	100.000000
   147.813506	100.000000
   148.654506	100.000000
   149.495506	100.000000
   150.336506	100.000000
   151.177506	100.000000
   152.018506	100.000000
   152.859506	100.000000
   153.700506	100.000000
   154.541506	100.000000
   155.382506	100.000000
   156.223506	100.000000
   157.064506	100.000000
   157.905506	100.000000
   158.746506	100.000000
   159.587506	100.000000
   160.428506	100.000000
   161.269506	100.000000
   162.110506	100.000000
   162.951506	100.000000
   163.792506	100.000000
   164.633506	100.000000
   165.474506	100.000000
   166.315506	100.000000
   167.156506	100.000000
   167.997506	100.000000
   168.838506	100.000000
   169.679506	100.000000
   170.520506	100.000000
   171.361506	100.000000
   172.202506	100.000000
   173.043506	100.000000
   173.884506	100.000000
   174.725506	100.000000
   175.566506	100.000000
   176.407506	100.000000
   177.248506	100.000000
   178.089506	100.000000
   178.930506	100.000000
   179.771506	100.000000
   180.612506	100.000000
   181.453506	100.000000
   182.294506	100.000000
   183.135506	100.000000
   183.976506	100.000000
   184.817506	100.000000
   185.658506	100.000000
   186.499506	100.000000
   187.340506	100.000000
   188.181506	100.000000
   189.022506	100.000000
   189.863506	100.000000
   190.704506	100.000000
   191.545506	100.000000
   192.386506	100.000000
   193.227506	100.000000
   194.068506	100.000000
   194.909506	100.000000
   195.750506	100.000000
   196.591506	100.000000
   197.432506	100.000000
   198.273506	100.000000
   199.114506	100.000000
   199.955506	100.000000
   200.796506	100.000000
   201.637506	100.000000
   202.478506	100.000000
   203.319506	100.000000
   204.160506	100.000000
   205.001506	100.000000
   205.842506	100.000000
   206.683506	100.000000
   207.524506	100.000000
   208.365506	100.000000
   209.206506	100.000000
   210.047506	100.000000
   210.888506	100.000000
   211.729506	100.000000
   212.570506	100.000000
   213.411506	100.000000
   214.252506	100.000000
   215.093506	100.000000
   215.934506	100.000000
   216.775506	100.000000
   217.616506	100.000000
   218.457506	100.000000
   219.298506	100.000000
   220.139506	100.000000
   220.980506	100.000000
   221.821506	100.000000
   222.662506	100.000000
   223.503506	100.000000
   224.344506	100.000000
   225.185506	100.000000
   226.026506	100.000000
   226.867506	100.000000
   227.708506	100.000000
   228.549506	100.000000
   229.390506	100.000000
   230.231506	100.000000
   231.072506	100.000000
   231.913506	100.000000
   232.754506	100.000000
   233.595506	100.000000
   234.436506	100.000000
   235.277506	100.000000
   236.118506	100.000000
   236.959506	100.000000
   237.800506	100.000000
