   -14.943262	0.000000
   -14.102262	0.000000
   -13.261262	0.000000
   -12.420262	0.000000
   -11.579262	0.000000
   -10.738262	0.000000
   -9.897262	0.000000
   -9.056262	0.000000
   -8.215262	0.000000
   -7.374262	0.000000
   -6.533262	0.000000
   -5.692262	0.000000
   -4.851262	0.000000
   -4.010262	0.000000
   -3.169262	0.000000
   -2.328262	0.000000
   -1.487262	0.000000
   -0.646262	0.000000
   0.194738	0.000000
   1.035738	0.000000
   1.876738	0.000000
   2.717738	0.000000
   3.558738	0.000000
   4.399738	0.000000
   5.240738	0.000000
   6.081738	0.000000
   6.922738	0.000000
   7.763738	0.000000
   8.604738	0.000000
   9.445738	0.000000
   10.286738	0.000000
   11.127738	0.000000
   11.968738	0.000000
   12.809738	0.000000
   13.650738	0.000000
   14.491738	0.000000
   15.332738	0.000000
   16.173738	0.000000
   17.014738	0.000000
   17.855738	0.000000
   18.696738	0.000000
   19.537738	0.000000
   20.378738	0.000000
   21.219738	0.000000
   22.060738	0.000000
   22.901738	0.000000
   23.742738	0.000000
   24.583738	0.000000
   25.424738	0.000000
   26.265738	0.000000
   27.106738	0.000000
   27.947738	0.000000
   28.788738	0.000000
   29.629738	0.000000
   30.470738	0.000000
   31.311738	0.000000
   32.152738	0.000000
   32.993738	0.000000
   33.834738	0.000000
   34.675738	0.000000
   35.516738	0.000000
   36.357738	0.000000
   37.198738	0.000000
   38.039738	0.000000
   38.880738	0.000000
   39.721738	0.000000
   40.562738	0.000000
   41.403738	0.000000
   42.244738	0.000000
   43.085738	0.000000
   43.926738	0.000000
   44.767738	0.000000
   45.608738	0.000000
   46.449738	0.000000
   47.290738	0.000000
   48.131738	0.000000
   48.972738	0.000000
   49.813738	0.000000
   50.654738	0.000000
   51.495738	0.000000
   52.336738	0.000000
   53.177738	0.000000
   54.018738	0.000000
   54.859738	0.000000
   55.700738	0.000000
   56.541738	0.000000
   57.382738	0.000000
   58.223738	0.000000
   59.064738	0.000000
   59.905738	0.000000
   60.746738	0.000000
   61.587738	0.000000
   62.428738	0.000000
   63.269738	0.000000
   64.110738	0.000000
   64.951738	0.000000
   65.792738	0.000000
   66.633738	0.000000
   67.474738	0.000000
   68.315738	0.000000
   69.156738	0.000000
   69.997738	0.000000
   70.838738	0.000000
   71.679738	0.000000
   72.520738	0.000000
   73.361738	0.000000
   74.202738	0.000000
   75.043738	0.000000
   75.884738	0.000000
   76.725738	0.000000
   77.566738	0.000000
   78.407738	0.000000
   79.248738	0.000000
   80.089738	0.000000
   80.930738	0.000000
   81.771738	0.000000
   82.612738	0.000000
   83.453738	0.000000
   84.294738	0.000000
   85.135738	0.000000
   85.976738	0.000000
   86.817738	0.000000
   87.658738	0.000000
   88.499738	0.300000
   89.340738	0.000000
   90.181738	0.900000
   91.022738	2.400000
   91.863738	3.700000
   92.704738	7.800000
   93.545738	10.000000
   94.386738	17.300000
   95.227738	27.700000
   96.068738	37.400000
   96.909738	49.300000
   97.750738	61.400000
   98.591738	70.500000
   99.432738	80.200000
   100.273738	84.700000
   101.114738	90.500000
   101.955738	94.900000
   102.796738	96.100000
   103.637738	97.300000
   104.478738	98.400000
   105.319738	98.700000
   106.160738	99.500000
   107.001738	99.400000
   107.842738	99.700000
   108.683738	99.700000
   109.524738	99.800000
   110.365738	99.700000
   111.206738	99.800000
   112.047738	99.600000
   112.888738	99.800000
   113.729738	100.000000
   114.570738	99.900000
   115.411738	100.000000
   116.252738	99.900000
   117.093738	99.900000
   117.934738	100.000000
   118.775738	100.000000
   119.616738	100.000000
   120.457738	100.000000
   121.298738	100.000000
   122.139738	100.000000
   122.980738	100.000000
   123.821738	100.000000
   124.662738	100.000000
   125.503738	100.000000
   126.344738	100.000000
   127.185738	100.000000
   128.026738	100.000000
   128.867738	100.000000
   129.708738	100.000000
   130.549738	100.000000
   131.390738	100.000000
   132.231738	100.000000
   133.072738	100.000000
   133.913738	100.000000
   134.754738	100.000000
   135.595738	100.000000
   136.436738	100.000000
   137.277738	100.000000
   138.118738	100.000000
   138.959738	100.000000
   139.800738	100.000000
   140.641738	100.000000
   141.482738	100.000000
   142.323738	100.000000
   143.164738	100.000000
   144.005738	100.000000
   144.846738	100.000000
   145.687738	100.000000
   146.528738	100.000000
   147.369738	100.000000
   148.210738	100.000000
   149.051738	100.000000
   149.892738	100.000000
   150.733738	99.900000
   151.574738	100.000000
   152.415738	100.000000
   153.256738	100.000000
   154.097738	100.000000
   154.938738	100.000000
   155.779738	100.000000
   156.620738	100.000000
   157.461738	100.000000
   158.302738	99.900000
   159.143738	100.000000
   159.984738	100.000000
   160.825738	100.000000
   161.666738	100.000000
   162.507738	100.000000
   163.348738	100.000000
   164.189738	100.000000
   165.030738	100.000000
   165.871738	100.000000
   166.712738	100.000000
   167.553738	100.000000
   168.394738	100.000000
   169.235738	100.000000
   170.076738	100.000000
   170.917738	100.000000
   171.758738	100.000000
   172.599738	100.000000
   173.440738	100.000000
   174.281738	100.000000
   175.122738	100.000000
   175.963738	100.000000
   176.804738	100.000000
   177.645738	100.000000
   178.486738	100.000000
   179.327738	100.000000
   180.168738	100.000000
   181.009738	100.000000
   181.850738	100.000000
   182.691738	100.000000
   183.532738	100.000000
   184.373738	100.000000
   185.214738	100.000000
   186.055738	100.000000
   186.896738	100.000000
   187.737738	100.000000
   188.578738	100.000000
   189.419738	100.000000
   190.260738	100.000000
   191.101738	100.000000
   191.942738	100.000000
   192.783738	100.000000
   193.624738	100.000000
   194.465738	100.000000
   195.306738	100.000000
   196.147738	100.000000
   196.988738	100.000000
   197.829738	100.000000
   198.670738	100.000000
   199.511738	100.000000
   200.352738	100.000000
   201.193738	100.000000
   202.034738	100.000000
   202.875738	100.000000
   203.716738	100.000000
   204.557738	100.000000
   205.398738	100.000000
   206.239738	100.000000
   207.080738	100.000000
   207.921738	100.000000
   208.762738	100.000000
   209.603738	100.000000
   210.444738	100.000000
   211.285738	100.000000
   212.126738	100.000000
   212.967738	100.000000
   213.808738	100.000000
   214.649738	100.000000
   215.490738	100.000000
   216.331738	100.000000
   217.172738	100.000000
   218.013738	100.000000
   218.854738	100.000000
   219.695738	100.000000
   220.536738	100.000000
   221.377738	100.000000
   222.218738	100.000000
   223.059738	100.000000
   223.900738	100.000000
   224.741738	100.000000
   225.582738	100.000000
   226.423738	100.000000
   227.264738	100.000000
   228.105738	100.000000
   228.946738	100.000000
   229.787738	100.000000
   230.628738	100.000000
   231.469738	100.000000
   232.310738	100.000000
   233.151738	100.000000
   233.992738	100.000000
   234.833738	100.000000
   235.674738	100.000000
   236.515738	100.000000
   237.356738	100.000000
