   -13.525242	0.000000
   -12.684242	0.000000
   -11.843242	0.000000
   -11.002242	0.000000
   -10.161242	0.000000
   -9.320242	0.000000
   -8.479242	0.000000
   -7.638242	0.000000
   -6.797242	0.000000
   -5.956242	0.000000
   -5.115242	0.000000
   -4.274242	0.000000
   -3.433242	0.000000
   -2.592242	0.000000
   -1.751242	0.000000
   -0.910242	0.000000
   -0.069242	0.000000
   0.771758	0.000000
   1.612758	0.000000
   2.453758	0.000000
   3.294758	0.000000
   4.135758	0.000000
   4.976758	0.000000
   5.817758	0.000000
   6.658758	0.000000
   7.499758	0.000000
   8.340758	0.000000
   9.181758	0.000000
   10.022758	0.000000
   10.863758	0.000000
   11.704758	0.000000
   12.545758	0.000000
   13.386758	0.000000
   14.227758	0.000000
   15.068758	0.000000
   15.909758	0.000000
   16.750758	0.000000
   17.591758	0.000000
   18.432758	0.000000
   19.273758	0.000000
   20.114758	0.000000
   20.955758	0.000000
   21.796758	0.000000
   22.637758	0.000000
   23.478758	0.000000
   24.319758	0.000000
   25.160758	0.000000
   26.001758	0.000000
   26.842758	0.000000
   27.683758	0.000000
   28.524758	0.000000
   29.365758	0.000000
   30.206758	0.000000
   31.047758	0.300000
   31.888758	0.600000
   32.729758	0.400000
   33.570758	1.000000
   34.411758	2.100000
   35.252758	5.000000
   36.093758	8.100000
   36.934758	11.700000
   37.775758	16.300000
   38.616758	22.400000
   39.457758	31.000000
   40.298758	37.300000
   41.139758	49.000000
   41.980758	58.900000
   42.821758	69.400000
   43.662758	74.000000
   44.503758	82.400000
   45.344758	87.900000
   46.185758	93.300000
   47.026758	95.700000
   47.867758	97.500000
   48.708758	98.000000
   49.549758	98.700000
   50.390758	99.700000
   51.231758	99.800000
   52.072758	99.900000
   52.913758	99.900000
   53.754758	100.000000
   54.595758	99.900000
   55.436758	100.000000
   56.277758	100.000000
   57.118758	100.000000
   57.959758	100.000000
   58.800758	100.000000
   59.641758	100.000000
   60.482758	100.000000
   61.323758	100.000000
   62.164758	100.000000
   63.005758	100.000000
   63.846758	100.000000
   64.687758	100.000000
   65.528758	100.000000
   66.369758	100.000000
   67.210758	100.000000
   68.051758	100.000000
   68.892758	100.000000
   69.733758	100.000000
   70.574758	100.000000
   71.415758	100.000000
   72.256758	100.000000
   73.097758	100.000000
   73.938758	100.000000
   74.779758	100.000000
   75.620758	100.000000
   76.461758	100.000000
   77.302758	100.000000
   78.143758	100.000000
   78.984758	100.000000
   79.825758	100.000000
   80.666758	100.000000
   81.507758	100.000000
   82.348758	100.000000
   83.189758	100.000000
   84.030758	100.000000
   84.871758	100.000000
   85.712758	100.000000
   86.553758	100.000000
   87.394758	100.000000
   88.235758	100.000000
   89.076758	100.000000
   89.917758	100.000000
   90.758758	100.000000
   91.599758	100.000000
   92.440758	100.000000
   93.281758	100.000000
   94.122758	100.000000
   94.963758	100.000000
   95.804758	100.000000
   96.645758	100.000000
   97.486758	100.000000
   98.327758	100.000000
   99.168758	100.000000
   100.009758	100.000000
   100.850758	100.000000
   101.691758	100.000000
   102.532758	100.000000
   103.373758	100.000000
   104.214758	100.000000
   105.055758	100.000000
   105.896758	100.000000
   106.737758	100.000000
   107.578758	100.000000
   108.419758	100.000000
   109.260758	100.000000
   110.101758	100.000000
   110.942758	100.000000
   111.783758	100.000000
   112.624758	100.000000
   113.465758	100.000000
   114.306758	100.000000
   115.147758	100.000000
   115.988758	100.000000
   116.829758	100.000000
   117.670758	100.000000
   118.511758	100.000000
   119.352758	100.000000
   120.193758	100.000000
   121.034758	100.000000
   121.875758	100.000000
   122.716758	100.000000
   123.557758	100.000000
   124.398758	100.000000
   125.239758	100.000000
   126.080758	100.000000
   126.921758	100.000000
   127.762758	100.000000
   128.603758	100.000000
   129.444758	100.000000
   130.285758	100.000000
   131.126758	100.000000
   131.967758	100.000000
   132.808758	100.000000
   133.649758	100.000000
   134.490758	100.000000
   135.331758	100.000000
   136.172758	100.000000
   137.013758	100.000000
   137.854758	100.000000
   138.695758	100.000000
   139.536758	100.000000
   140.377758	100.000000
   141.218758	100.000000
   142.059758	100.000000
   142.900758	100.000000
   143.741758	100.000000
   144.582758	100.000000
   145.423758	100.000000
   146.264758	100.000000
   147.105758	100.000000
   147.946758	100.000000
   148.787758	100.000000
   149.628758	100.000000
   150.469758	100.000000
   151.310758	100.000000
   152.151758	100.000000
   152.992758	100.000000
   153.833758	100.000000
   154.674758	100.000000
   155.515758	100.000000
   156.356758	100.000000
   157.197758	100.000000
   158.038758	100.000000
   158.879758	100.000000
   159.720758	100.000000
   160.561758	100.000000
   161.402758	100.000000
   162.243758	100.000000
   163.084758	100.000000
   163.925758	100.000000
   164.766758	100.000000
   165.607758	100.000000
   166.448758	100.000000
   167.289758	100.000000
   168.130758	100.000000
   168.971758	100.000000
   169.812758	100.000000
   170.653758	100.000000
   171.494758	100.000000
   172.335758	100.000000
   173.176758	100.000000
   174.017758	100.000000
   174.858758	100.000000
   175.699758	100.000000
   176.540758	100.000000
   177.381758	100.000000
   178.222758	100.000000
   179.063758	100.000000
   179.904758	100.000000
   180.745758	100.000000
   181.586758	100.000000
   182.427758	100.000000
   183.268758	100.000000
   184.109758	100.000000
   184.950758	100.000000
   185.791758	100.000000
   186.632758	100.000000
   187.473758	100.000000
   188.314758	100.000000
   189.155758	100.000000
   189.996758	100.000000
   190.837758	100.000000
   191.678758	100.000000
   192.519758	100.000000
   193.360758	100.000000
   194.201758	100.000000
   195.042758	100.000000
   195.883758	100.000000
   196.724758	100.000000
   197.565758	100.000000
   198.406758	100.000000
   199.247758	100.000000
   200.088758	100.000000
   200.929758	100.000000
   201.770758	100.000000
   202.611758	100.000000
   203.452758	100.000000
   204.293758	100.000000
   205.134758	100.000000
   205.975758	100.000000
   206.816758	100.000000
   207.657758	100.000000
   208.498758	100.000000
   209.339758	100.000000
   210.180758	100.000000
   211.021758	100.000000
   211.862758	100.000000
   212.703758	100.000000
   213.544758	100.000000
   214.385758	100.000000
   215.226758	100.000000
   216.067758	100.000000
   216.908758	100.000000
   217.749758	100.000000
   218.590758	100.000000
   219.431758	100.000000
   220.272758	100.000000
   221.113758	100.000000
   221.954758	100.000000
   222.795758	100.000000
   223.636758	100.000000
   224.477758	100.000000
   225.318758	100.000000
   226.159758	100.000000
   227.000758	100.000000
   227.841758	100.000000
   228.682758	100.000000
   229.523758	100.000000
   230.364758	100.000000
   231.205758	100.000000
   232.046758	100.000000
   232.887758	100.000000
   233.728758	100.000000
   234.569758	100.000000
   235.410758	100.000000
   236.251758	100.000000
   237.092758	100.000000
   237.933758	100.000000
   238.774758	100.000000
