   -14.201313	0.000000
   -13.360313	0.000000
   -12.519313	0.000000
   -11.678313	0.000000
   -10.837313	0.000000
   -9.996313	0.000000
   -9.155313	0.000000
   -8.314313	0.000000
   -7.473313	0.000000
   -6.632313	0.000000
   -5.791313	0.000000
   -4.950313	0.000000
   -4.109313	0.000000
   -3.268313	0.000000
   -2.427313	0.000000
   -1.586313	0.000000
   -0.745313	0.000000
   0.095687	0.000000
   0.936687	0.000000
   1.777687	0.000000
   2.618687	0.000000
   3.459687	0.000000
   4.300687	0.000000
   5.141687	0.000000
   5.982687	0.000000
   6.823687	0.000000
   7.664687	0.000000
   8.505687	0.000000
   9.346687	0.000000
   10.187687	0.000000
   11.028687	0.000000
   11.869687	0.000000
   12.710687	0.000000
   13.551687	0.000000
   14.392687	0.000000
   15.233687	0.000000
   16.074687	0.000000
   16.915687	0.000000
   17.756687	0.000000
   18.597687	0.000000
   19.438687	0.000000
   20.279687	0.000000
   21.120687	0.000000
   21.961687	0.000000
   22.802687	0.000000
   23.643687	0.000000
   24.484687	0.000000
   25.325687	0.000000
   26.166687	0.000000
   27.007687	0.000000
   27.848687	0.000000
   28.689687	0.000000
   29.530687	0.000000
   30.371687	0.000000
   31.212687	0.000000
   32.053687	0.000000
   32.894687	0.000000
   33.735687	0.000000
   34.576687	0.000000
   35.417687	0.000000
   36.258687	0.000000
   37.099687	0.000000
   37.940687	0.000000
   38.781687	0.000000
   39.622687	0.000000
   40.463687	0.000000
   41.304687	0.000000
   42.145687	0.000000
   42.986687	0.000000
   43.827687	0.000000
   44.668687	0.000000
   45.509687	0.000000
   46.350687	0.000000
   47.191687	0.000000
   48.032687	0.000000
   48.873687	0.000000
   49.714687	0.000000
   50.555687	0.000000
   51.396687	0.000000
   52.237687	0.000000
   53.078687	0.000000
   53.919687	0.000000
   54.760687	0.000000
   55.601687	0.000000
   56.442687	0.000000
   57.283687	0.000000
   58.124687	0.000000
   58.965687	0.000000
   59.806687	0.000000
   60.647687	0.000000
   61.488687	0.000000
   62.329687	0.000000
   63.170687	0.000000
   64.011687	0.000000
   64.852687	0.000000
   65.693687	0.000000
   66.534687	0.000000
   67.375687	0.000000
   68.216687	0.000000
   69.057687	0.000000
   69.898687	0.000000
   70.739687	0.000000
   71.580687	0.000000
   72.421687	0.000000
   73.262687	0.000000
   74.103687	0.000000
   74.944687	0.000000
   75.785687	0.000000
   76.626687	0.000000
   77.467687	0.000000
   78.308687	0.000000
   79.149687	0.000000
   79.990687	0.000000
   80.831687	0.000000
   81.672687	0.000000
   82.513687	0.000000
   83.354687	0.000000
   84.195687	0.000000
   85.036687	0.000000
   85.877687	0.000000
   86.718687	0.000000
   87.559687	0.000000
   88.400687	0.000000
   89.241687	0.000000
   90.082687	0.000000
   90.923687	0.000000
   91.764687	0.000000
   92.605687	0.000000
   93.446687	0.000000
   94.287687	0.000000
   95.128687	0.000000
   95.969687	0.000000
   96.810687	0.000000
   97.651687	0.000000
   98.492687	0.000000
   99.333687	0.000000
   100.174687	0.000000
   101.015687	0.000000
   101.856687	0.000000
   102.697687	0.000000
   103.538687	0.000000
   104.379687	0.000000
   105.220687	0.000000
   106.061687	0.000000
   106.902687	0.000000
   107.743687	0.000000
   108.584687	0.000000
   109.425687	0.000000
   110.266687	0.000000
   111.107687	0.000000
   111.948687	0.000000
   112.789687	0.000000
   113.630687	0.000000
   114.471687	0.000000
   115.312687	0.000000
   116.153687	0.000000
   116.994687	0.000000
   117.835687	0.000000
   118.676687	0.000000
   119.517687	0.000000
   120.358687	0.000000
   121.199687	0.000000
   122.040687	0.000000
   122.881687	0.000000
   123.722687	0.000000
   124.563687	0.000000
   125.404687	0.000000
   126.245687	0.000000
   127.086687	0.000000
   127.927687	0.000000
   128.768687	0.000000
   129.609687	0.000000
   130.450687	0.000000
   131.291687	0.000000
   132.132687	0.000000
   132.973687	0.000000
   133.814687	0.000000
   134.655687	0.000000
   135.496687	0.000000
   136.337687	0.000000
   137.178687	0.000000
   138.019687	0.000000
   138.860687	0.000000
   139.701687	0.000000
   140.542687	0.000000
   141.383687	0.000000
   142.224687	0.000000
   143.065687	0.000000
   143.906687	0.000000
   144.747687	0.000000
   145.588687	0.000000
   146.429687	0.000000
   147.270687	0.000000
   148.111687	0.000000
   148.952687	0.000000
   149.793687	0.000000
   150.634687	0.000000
   151.475687	0.000000
   152.316687	0.000000
   153.157687	0.000000
   153.998687	0.000000
   154.839687	0.000000
   155.680687	0.000000
   156.521687	0.000000
   157.362687	0.000000
   158.203687	0.000000
   159.044687	0.000000
   159.885687	0.000000
   160.726687	0.000000
   161.567687	0.000000
   162.408687	0.000000
   163.249687	0.000000
   164.090687	0.000000
   164.931687	0.000000
   165.772687	0.000000
   166.613687	0.000000
   167.454687	0.000000
   168.295687	0.000000
   169.136687	0.000000
   169.977687	0.000000
   170.818687	0.000000
   171.659687	0.000000
   172.500687	0.000000
   173.341687	0.000000
   174.182687	0.000000
   175.023687	0.000000
   175.864687	0.000000
   176.705687	0.000000
   177.546687	0.000000
   178.387687	0.000000
   179.228687	0.000000
   180.069687	0.000000
   180.910687	0.000000
   181.751687	0.000000
   182.592687	0.000000
   183.433687	0.000000
   184.274687	0.000000
   185.115687	0.000000
   185.956687	0.000000
   186.797687	0.000000
   187.638687	0.000000
   188.479687	0.000000
   189.320687	0.000000
   190.161687	0.000000
   191.002687	0.000000
   191.843687	0.000000
   192.684687	0.000000
   193.525687	0.000000
   194.366687	0.000000
   195.207687	0.000000
   196.048687	0.000000
   196.889687	0.000000
   197.730687	0.000000
   198.571687	0.000000
   199.412687	0.000000
   200.253687	0.100000
   201.094687	0.000000
   201.935687	0.000000
   202.776687	0.000000
   203.617687	0.000000
   204.458687	0.000000
   205.299687	0.000000
   206.140687	0.000000
   206.981687	0.100000
   207.822687	0.300000
   208.663687	0.200000
   209.504687	0.400000
   210.345687	0.300000
   211.186687	1.100000
   212.027687	2.300000
   212.868687	2.900000
   213.709687	5.100000
   214.550687	6.400000
   215.391687	8.700000
   216.232687	13.900000
   217.073687	17.300000
   217.914687	22.500000
   218.755687	25.900000
   219.596687	33.500000
   220.437687	39.300000
   221.278687	46.300000
   222.119687	51.500000
   222.960687	55.500000
   223.801687	60.200000
   224.642687	65.700000
   225.483687	75.600000
   226.324687	78.900000
   227.165687	84.300000
   228.006687	88.500000
   228.847687	89.300000
   229.688687	90.600000
   230.529687	94.200000
   231.370687	94.400000
   232.211687	95.600000
   233.052687	97.700000
   233.893687	96.500000
   234.734687	98.300000
   235.575687	98.500000
   236.416687	99.100000
   237.257687	99.500000
   238.098687	99.700000
