   -15.391234	0.000000
   -14.550234	0.000000
   -13.709234	0.000000
   -12.868234	0.000000
   -12.027234	0.000000
   -11.186234	0.000000
   -10.345234	0.000000
   -9.504234	0.000000
   -8.663234	0.000000
   -7.822234	0.000000
   -6.981234	0.000000
   -6.140234	0.000000
   -5.299234	0.000000
   -4.458234	0.000000
   -3.617234	0.000000
   -2.776234	0.000000
   -1.935234	0.000000
   -1.094234	0.000000
   -0.253234	0.000000
   0.587766	0.000000
   1.428766	0.000000
   2.269766	0.000000
   3.110766	0.000000
   3.951766	0.000000
   4.792766	0.000000
   5.633766	0.000000
   6.474766	0.000000
   7.315766	0.000000
   8.156766	0.000000
   8.997766	0.000000
   9.838766	0.000000
   10.679766	0.000000
   11.520766	0.000000
   12.361766	0.000000
   13.202766	0.000000
   14.043766	0.000000
   14.884766	0.000000
   15.725766	0.000000
   16.566766	0.000000
   17.407766	0.000000
   18.248766	0.000000
   19.089766	0.000000
   19.930766	0.000000
   20.771766	0.000000
   21.612766	0.000000
   22.453766	0.000000
   23.294766	0.000000
   24.135766	0.200000
   24.976766	0.400000
   25.817766	0.300000
   26.658766	0.900000
   27.499766	2.200000
   28.340766	7.700000
   29.181766	9.800000
   30.022766	17.800000
   30.863766	28.700000
   31.704766	39.300000
   32.545766	52.000000
   33.386766	61.500000
   34.227766	72.400000
   35.068766	80.800000
   35.909766	91.200000
   36.750766	93.400000
   37.591766	96.900000
   38.432766	98.000000
   39.273766	98.900000
   40.114766	99.600000
   40.955766	99.800000
   41.796766	100.000000
   42.637766	100.000000
   43.478766	100.000000
   44.319766	100.000000
   45.160766	100.000000
   46.001766	100.000000
   46.842766	100.000000
   47.683766	100.000000
   48.524766	100.000000
   49.365766	100.000000
   50.206766	100.000000
   51.047766	100.000000
   51.888766	100.000000
   52.729766	100.000000
   53.570766	100.000000
   54.411766	100.000000
   55.252766	100.000000
   56.093766	100.000000
   56.934766	100.000000
   57.775766	100.000000
   58.616766	100.000000
   59.457766	100.000000
   60.298766	100.000000
   61.139766	100.000000
   61.980766	100.000000
   62.821766	100.000000
   63.662766	100.000000
   64.503766	100.000000
   65.344766	100.000000
   66.185766	100.000000
   67.026766	100.000000
   67.867766	100.000000
   68.708766	100.000000
   69.549766	100.000000
   70.390766	100.000000
   71.231766	100.000000
   72.072766	100.000000
   72.913766	100.000000
   73.754766	100.000000
   74.595766	100.000000
   75.436766	100.000000
   76.277766	100.000000
   77.118766	100.000000
   77.959766	100.000000
   78.800766	100.000000
   79.641766	100.000000
   80.482766	100.000000
   81.323766	100.000000
   82.164766	100.000000
   83.005766	100.000000
   83.846766	100.000000
   84.687766	100.000000
   85.528766	100.000000
   86.369766	100.000000
   87.210766	100.000000
   88.051766	100.000000
   88.892766	100.000000
   89.733766	100.000000
   90.574766	100.000000
   91.415766	100.000000
   92.256766	100.000000
   93.097766	100.000000
   93.938766	100.000000
   94.779766	100.000000
   95.620766	100.000000
   96.461766	100.000000
   97.302766	100.000000
   98.143766	100.000000
   98.984766	100.000000
   99.825766	100.000000
   100.666766	100.000000
   101.507766	100.000000
   102.348766	100.000000
   103.189766	100.000000
   104.030766	100.000000
   104.871766	100.000000
   105.712766	100.000000
   106.553766	100.000000
   107.394766	100.000000
   108.235766	100.000000
   109.076766	100.000000
   109.917766	100.000000
   110.758766	100.000000
   111.599766	100.000000
   112.440766	100.000000
   113.281766	100.000000
   114.122766	100.000000
   114.963766	100.000000
   115.804766	100.000000
   116.645766	100.000000
   117.486766	100.000000
   118.327766	100.000000
   119.168766	100.000000
   120.009766	100.000000
   120.850766	100.000000
   121.691766	100.000000
   122.532766	100.000000
   123.373766	100.000000
   124.214766	100.000000
   125.055766	100.000000
   125.896766	100.000000
   126.737766	100.000000
   127.578766	100.000000
   128.419766	100.000000
   129.260766	100.000000
   130.101766	100.000000
   130.942766	100.000000
   131.783766	100.000000
   132.624766	100.000000
   133.465766	100.000000
   134.306766	100.000000
   135.147766	100.000000
   135.988766	100.000000
   136.829766	100.000000
   137.670766	100.000000
   138.511766	100.000000
   139.352766	100.000000
   140.193766	100.000000
   141.034766	100.000000
   141.875766	100.000000
   142.716766	100.000000
   143.557766	100.000000
   144.398766	100.000000
   145.239766	100.000000
   146.080766	100.000000
   146.921766	100.000000
   147.762766	100.000000
   148.603766	100.000000
   149.444766	100.000000
   150.285766	100.000000
   151.126766	100.000000
   151.967766	100.000000
   152.808766	100.000000
   153.649766	100.000000
   154.490766	100.000000
   155.331766	100.000000
   156.172766	100.000000
   157.013766	100.000000
   157.854766	100.000000
   158.695766	100.000000
   159.536766	100.000000
   160.377766	100.000000
   161.218766	100.000000
   162.059766	100.000000
   162.900766	100.000000
   163.741766	100.000000
   164.582766	100.000000
   165.423766	100.000000
   166.264766	100.000000
   167.105766	100.000000
   167.946766	100.000000
   168.787766	100.000000
   169.628766	100.000000
   170.469766	100.000000
   171.310766	100.000000
   172.151766	100.000000
   172.992766	100.000000
   173.833766	100.000000
   174.674766	100.000000
   175.515766	100.000000
   176.356766	100.000000
   177.197766	100.000000
   178.038766	100.000000
   178.879766	100.000000
   179.720766	100.000000
   180.561766	100.000000
   181.402766	100.000000
   182.243766	100.000000
   183.084766	100.000000
   183.925766	100.000000
   184.766766	100.000000
   185.607766	100.000000
   186.448766	100.000000
   187.289766	100.000000
   188.130766	100.000000
   188.971766	100.000000
   189.812766	100.000000
   190.653766	100.000000
   191.494766	100.000000
   192.335766	100.000000
   193.176766	100.000000
   194.017766	100.000000
   194.858766	100.000000
   195.699766	100.000000
   196.540766	100.000000
   197.381766	100.000000
   198.222766	100.000000
   199.063766	100.000000
   199.904766	100.000000
   200.745766	100.000000
   201.586766	100.000000
   202.427766	100.000000
   203.268766	100.000000
   204.109766	100.000000
   204.950766	100.000000
   205.791766	100.000000
   206.632766	100.000000
   207.473766	100.000000
   208.314766	100.000000
   209.155766	100.000000
   209.996766	100.000000
   210.837766	100.000000
   211.678766	100.000000
   212.519766	100.000000
   213.360766	100.000000
   214.201766	100.000000
   215.042766	100.000000
   215.883766	100.000000
   216.724766	100.000000
   217.565766	100.000000
   218.406766	100.000000
   219.247766	100.000000
   220.088766	100.000000
   220.929766	100.000000
   221.770766	100.000000
   222.611766	100.000000
   223.452766	100.000000
   224.293766	100.000000
   225.134766	100.000000
   225.975766	100.000000
   226.816766	100.000000
   227.657766	100.000000
   228.498766	100.000000
   229.339766	100.000000
   230.180766	100.000000
   231.021766	100.000000
   231.862766	100.000000
   232.703766	100.000000
   233.544766	100.000000
   234.385766	100.000000
   235.226766	100.000000
   236.067766	100.000000
   236.908766	100.000000
