   -13.159220	0.000000
   -12.318220	0.000000
   -11.477220	0.000000
   -10.636220	0.000000
   -9.795220	0.000000
   -8.954220	0.000000
   -8.113220	0.000000
   -7.272220	0.000000
   -6.431220	0.000000
   -5.590220	0.000000
   -4.749220	0.000000
   -3.908220	0.000000
   -3.067220	0.000000
   -2.226220	0.000000
   -1.385220	0.000000
   -0.544220	0.000000
   0.296780	0.000000
   1.137780	0.000000
   1.978780	0.000000
   2.819780	0.000000
   3.660780	0.000000
   4.501780	0.000000
   5.342780	0.000000
   6.183780	0.000000
   7.024780	0.000000
   7.865780	0.000000
   8.706780	0.000000
   9.547780	0.000000
   10.388780	0.000000
   11.229780	0.000000
   12.070780	0.000000
   12.911780	0.000000
   13.752780	0.000000
   14.593780	0.000000
   15.434780	0.000000
   16.275780	0.000000
   17.116780	0.000000
   17.957780	0.000000
   18.798780	0.000000
   19.639780	0.000000
   20.480780	0.000000
   21.321780	0.000000
   22.162780	0.000000
   23.003780	0.000000
   23.844780	0.000000
   24.685780	0.000000
   25.526780	0.000000
   26.367780	0.000000
   27.208780	0.000000
   28.049780	0.000000
   28.890780	0.000000
   29.731780	0.000000
   30.572780	0.000000
   31.413780	0.000000
   32.254780	0.000000
   33.095780	0.400000
   33.936780	0.700000
   34.777780	1.400000
   35.618780	3.800000
   36.459780	6.700000
   37.300780	16.900000
   38.141780	30.500000
   38.982780	45.700000
   39.823780	55.600000
   40.664780	68.700000
   41.505780	82.900000
   42.346780	91.400000
   43.187780	95.000000
   44.028780	97.300000
   44.869780	98.900000
   45.710780	99.800000
   46.551780	100.000000
   47.392780	100.000000
   48.233780	100.000000
   49.074780	100.000000
   49.915780	100.000000
   50.756780	100.000000
   51.597780	100.000000
   52.438780	100.000000
   53.279780	100.000000
   54.120780	100.000000
   54.961780	100.000000
   55.802780	100.000000
   56.643780	100.000000
   57.484780	100.000000
   58.325780	100.000000
   59.166780	100.000000
   60.007780	100.000000
   60.848780	100.000000
   61.689780	100.000000
   62.530780	100.000000
   63.371780	100.000000
   64.212780	100.000000
   65.053780	100.000000
   65.894780	100.000000
   66.735780	100.000000
   67.576780	100.000000
   68.417780	100.000000
   69.258780	100.000000
   70.099780	100.000000
   70.940780	100.000000
   71.781780	100.000000
   72.622780	100.000000
   73.463780	100.000000
   74.304780	100.000000
   75.145780	100.000000
   75.986780	100.000000
   76.827780	100.000000
   77.668780	100.000000
   78.509780	100.000000
   79.350780	100.000000
   80.191780	100.000000
   81.032780	100.000000
   81.873780	100.000000
   82.714780	100.000000
   83.555780	100.000000
   84.396780	100.000000
   85.237780	100.000000
   86.078780	100.000000
   86.919780	100.000000
   87.760780	100.000000
   88.601780	100.000000
   89.442780	100.000000
   90.283780	100.000000
   91.124780	100.000000
   91.965780	100.000000
   92.806780	100.000000
   93.647780	100.000000
   94.488780	100.000000
   95.329780	100.000000
   96.170780	100.000000
   97.011780	100.000000
   97.852780	100.000000
   98.693780	100.000000
   99.534780	100.000000
   100.375780	100.000000
   101.216780	100.000000
   102.057780	100.000000
   102.898780	100.000000
   103.739780	100.000000
   104.580780	100.000000
   105.421780	100.000000
   106.262780	100.000000
   107.103780	100.000000
   107.944780	100.000000
   108.785780	100.000000
   109.626780	100.000000
   110.467780	100.000000
   111.308780	100.000000
   112.149780	100.000000
   112.990780	100.000000
   113.831780	100.000000
   114.672780	100.000000
   115.513780	100.000000
   116.354780	100.000000
   117.195780	100.000000
   118.036780	100.000000
   118.877780	100.000000
   119.718780	100.000000
   120.559780	100.000000
   121.400780	100.000000
   122.241780	100.000000
   123.082780	100.000000
   123.923780	100.000000
   124.764780	100.000000
   125.605780	100.000000
   126.446780	100.000000
   127.287780	100.000000
   128.128780	100.000000
   128.969780	100.000000
   129.810780	100.000000
   130.651780	100.000000
   131.492780	100.000000
   132.333780	100.000000
   133.174780	100.000000
   134.015780	100.000000
   134.856780	100.000000
   135.697780	100.000000
   136.538780	100.000000
   137.379780	100.000000
   138.220780	100.000000
   139.061780	100.000000
   139.902780	100.000000
   140.743780	100.000000
   141.584780	100.000000
   142.425780	100.000000
   143.266780	100.000000
   144.107780	100.000000
   144.948780	100.000000
   145.789780	100.000000
   146.630780	100.000000
   147.471780	100.000000
   148.312780	100.000000
   149.153780	100.000000
   149.994780	100.000000
   150.835780	100.000000
   151.676780	100.000000
   152.517780	100.000000
   153.358780	100.000000
   154.199780	100.000000
   155.040780	100.000000
   155.881780	100.000000
   156.722780	99.900000
   157.563780	100.000000
   158.404780	100.000000
   159.245780	100.000000
   160.086780	100.000000
   160.927780	100.000000
   161.768780	100.000000
   162.609780	100.000000
   163.450780	100.000000
   164.291780	100.000000
   165.132780	100.000000
   165.973780	100.000000
   166.814780	100.000000
   167.655780	100.000000
   168.496780	100.000000
   169.337780	100.000000
   170.178780	100.000000
   171.019780	100.000000
   171.860780	100.000000
   172.701780	100.000000
   173.542780	100.000000
   174.383780	100.000000
   175.224780	100.000000
   176.065780	100.000000
   176.906780	100.000000
   177.747780	100.000000
   178.588780	100.000000
   179.429780	100.000000
   180.270780	100.000000
   181.111780	100.000000
   181.952780	100.000000
   182.793780	100.000000
   183.634780	100.000000
   184.475780	100.000000
   185.316780	100.000000
   186.157780	100.000000
   186.998780	100.000000
   187.839780	100.000000
   188.680780	100.000000
   189.521780	100.000000
   190.362780	100.000000
   191.203780	100.000000
   192.044780	100.000000
   192.885780	100.000000
   193.726780	100.000000
   194.567780	100.000000
   195.408780	100.000000
   196.249780	100.000000
   197.090780	100.000000
   197.931780	100.000000
   198.772780	100.000000
   199.613780	100.000000
   200.454780	100.000000
   201.295780	100.000000
   202.136780	100.000000
   202.977780	100.000000
   203.818780	100.000000
   204.659780	100.000000
   205.500780	100.000000
   206.341780	100.000000
   207.182780	100.000000
   208.023780	100.000000
   208.864780	100.000000
   209.705780	100.000000
   210.546780	100.000000
   211.387780	100.000000
   212.228780	100.000000
   213.069780	100.000000
   213.910780	100.000000
   214.751780	100.000000
   215.592780	100.000000
   216.433780	100.000000
   217.274780	100.000000
   218.115780	100.000000
   218.956780	100.000000
   219.797780	100.000000
   220.638780	100.000000
   221.479780	100.000000
   222.320780	100.000000
   223.161780	100.000000
   224.002780	100.000000
   224.843780	100.000000
   225.684780	100.000000
   226.525780	100.000000
   227.366780	100.000000
   228.207780	100.000000
   229.048780	100.000000
   229.889780	100.000000
   230.730780	100.000000
   231.571780	100.000000
   232.412780	100.000000
   233.253780	100.000000
   234.094780	100.000000
   234.935780	100.000000
   235.776780	100.000000
   236.617780	100.000000
   237.458780	100.000000
   238.299780	100.000000
   239.140780	100.000000
