# ASIC configuration for the measurements:
# ------------------------------------------------------------------------------
# Mode = 000 
# Bias = 0110 
# CSArefs = 0011 
# Shaper = 101 
# Leakage mask = 00000000000000000000000000000000 
# Discr. enable mask = 11111111111111111111111111111111 
# Calibration mask = 11111111111111111111111111111111 
# Threshold = 255 
# FineTHR[0] = 001 
# FineTHR[1] = 000 
# FineTHR[2] = 111 
# FineTHR[3] = 010 
# FineTHR[4] = 000 
# FineTHR[5] = 111 
# FineTHR[6] = 000 
# FineTHR[7] = 111 
# FineTHR[8] = 111 
# FineTHR[9] = 110 
# FineTHR[10] = 000 
# FineTHR[11] = 011 
# FineTHR[12] = 000 
# FineTHR[13] = 101 
# FineTHR[14] = 101 
# FineTHR[15] = 010 
# FineTHR[16] = 000 
# FineTHR[17] = 110 
# FineTHR[18] = 101 
# FineTHR[19] = 110 
# FineTHR[20] = 111 
# FineTHR[21] = 111 
# FineTHR[22] = 000 
# FineTHR[23] = 111 
# FineTHR[24] = 111 
# FineTHR[25] = 010 
# FineTHR[26] = 000 
# FineTHR[27] = 011 
# FineTHR[28] = 111 
# FineTHR[29] = 000 
# FineTHR[30] = 000 
# FineTHR[31] = 111 
# ------------------------------------------------------------------------------
# Event data block #1
# Threshold	DAC	Events	Triggered	CH#
150	0	1000	0	0
150	0	1000	0	1
150	0	1000	0	2
150	0	1000	0	3
150	0	1000	0	4
150	0	1000	0	5
150	0	1000	0	6
150	0	1000	0	7
150	0	1000	0	8
150	0	1000	0	9
150	0	1000	0	10
150	0	1000	0	11
150	0	1000	0	12
150	0	1000	0	13
150	0	1000	0	14
150	0	1000	0	15
150	0	1000	0	16
150	0	1000	0	17
150	0	1000	0	18
150	0	1000	0	19
150	0	1000	0	20
150	0	1000	0	21
150	0	1000	0	22
150	0	1000	0	23
150	0	1000	0	24
150	0	1000	0	25
150	0	1000	0	26
150	0	1000	0	27
150	0	1000	0	28
150	0	1000	0	29
150	0	1000	0	30
150	0	1000	0	31
# Event data block #2
# Threshold	DAC	Events	Triggered	CH#
151	0	1000	0	0
151	0	1000	0	1
151	0	1000	0	2
151	0	1000	0	3
151	0	1000	0	4
151	0	1000	0	5
151	0	1000	0	6
151	0	1000	0	7
151	0	1000	0	8
151	0	1000	0	9
151	0	1000	0	10
151	0	1000	0	11
151	0	1000	0	12
151	0	1000	0	13
151	0	1000	0	14
151	0	1000	0	15
151	0	1000	0	16
151	0	1000	0	17
151	0	1000	0	18
151	0	1000	0	19
151	0	1000	0	20
151	0	1000	0	21
151	0	1000	0	22
151	0	1000	0	23
151	0	1000	0	24
151	0	1000	0	25
151	0	1000	0	26
151	0	1000	0	27
151	0	1000	0	28
151	0	1000	0	29
151	0	1000	0	30
151	0	1000	0	31
# Event data block #3
# Threshold	DAC	Events	Triggered	CH#
152	0	1000	0	0
152	0	1000	0	1
152	0	1000	0	2
152	0	1000	0	3
152	0	1000	0	4
152	0	1000	0	5
152	0	1000	0	6
152	0	1000	0	7
152	0	1000	0	8
152	0	1000	0	9
152	0	1000	0	10
152	0	1000	0	11
152	0	1000	0	12
152	0	1000	0	13
152	0	1000	0	14
152	0	1000	0	15
152	0	1000	0	16
152	0	1000	0	17
152	0	1000	0	18
152	0	1000	0	19
152	0	1000	0	20
152	0	1000	0	21
152	0	1000	0	22
152	0	1000	0	23
152	0	1000	0	24
152	0	1000	0	25
152	0	1000	0	26
152	0	1000	0	27
152	0	1000	0	28
152	0	1000	0	29
152	0	1000	0	30
152	0	1000	0	31
# Event data block #4
# Threshold	DAC	Events	Triggered	CH#
153	0	1000	0	0
153	0	1000	0	1
153	0	1000	0	2
153	0	1000	0	3
153	0	1000	0	4
153	0	1000	0	5
153	0	1000	0	6
153	0	1000	0	7
153	0	1000	0	8
153	0	1000	0	9
153	0	1000	0	10
153	0	1000	0	11
153	0	1000	0	12
153	0	1000	0	13
153	0	1000	0	14
153	0	1000	0	15
153	0	1000	0	16
153	0	1000	0	17
153	0	1000	0	18
153	0	1000	0	19
153	0	1000	0	20
153	0	1000	0	21
153	0	1000	0	22
153	0	1000	0	23
153	0	1000	0	24
153	0	1000	0	25
153	0	1000	0	26
153	0	1000	0	27
153	0	1000	0	28
153	0	1000	0	29
153	0	1000	0	30
153	0	1000	0	31
# Event data block #5
# Threshold	DAC	Events	Triggered	CH#
154	0	1000	0	0
154	0	1000	0	1
154	0	1000	0	2
154	0	1000	0	3
154	0	1000	0	4
154	0	1000	0	5
154	0	1000	0	6
154	0	1000	0	7
154	0	1000	0	8
154	0	1000	0	9
154	0	1000	0	10
154	0	1000	0	11
154	0	1000	0	12
154	0	1000	0	13
154	0	1000	0	14
154	0	1000	0	15
154	0	1000	0	16
154	0	1000	0	17
154	0	1000	0	18
154	0	1000	0	19
154	0	1000	0	20
154	0	1000	0	21
154	0	1000	0	22
154	0	1000	0	23
154	0	1000	0	24
154	0	1000	0	25
154	0	1000	0	26
154	0	1000	0	27
154	0	1000	0	28
154	0	1000	0	29
154	0	1000	0	30
154	0	1000	0	31
# Event data block #6
# Threshold	DAC	Events	Triggered	CH#
155	0	1000	0	0
155	0	1000	0	1
155	0	1000	0	2
155	0	1000	0	3
155	0	1000	0	4
155	0	1000	0	5
155	0	1000	0	6
155	0	1000	0	7
155	0	1000	0	8
155	0	1000	0	9
155	0	1000	0	10
155	0	1000	0	11
155	0	1000	0	12
155	0	1000	0	13
155	0	1000	0	14
155	0	1000	0	15
155	0	1000	0	16
155	0	1000	0	17
155	0	1000	0	18
155	0	1000	0	19
155	0	1000	0	20
155	0	1000	0	21
155	0	1000	0	22
155	0	1000	0	23
155	0	1000	0	24
155	0	1000	0	25
155	0	1000	0	26
155	0	1000	0	27
155	0	1000	0	28
155	0	1000	0	29
155	0	1000	0	30
155	0	1000	0	31
# Event data block #7
# Threshold	DAC	Events	Triggered	CH#
156	0	1000	0	0
156	0	1000	0	1
156	0	1000	0	2
156	0	1000	0	3
156	0	1000	0	4
156	0	1000	0	5
156	0	1000	0	6
156	0	1000	0	7
156	0	1000	0	8
156	0	1000	0	9
156	0	1000	0	10
156	0	1000	0	11
156	0	1000	0	12
156	0	1000	0	13
156	0	1000	0	14
156	0	1000	0	15
156	0	1000	0	16
156	0	1000	0	17
156	0	1000	0	18
156	0	1000	0	19
156	0	1000	0	20
156	0	1000	0	21
156	0	1000	0	22
156	0	1000	0	23
156	0	1000	0	24
156	0	1000	0	25
156	0	1000	0	26
156	0	1000	0	27
156	0	1000	0	28
156	0	1000	0	29
156	0	1000	0	30
156	0	1000	0	31
# Event data block #8
# Threshold	DAC	Events	Triggered	CH#
157	0	1000	0	0
157	0	1000	0	1
157	0	1000	0	2
157	0	1000	0	3
157	0	1000	0	4
157	0	1000	0	5
157	0	1000	0	6
157	0	1000	0	7
157	0	1000	0	8
157	0	1000	0	9
157	0	1000	0	10
157	0	1000	0	11
157	0	1000	0	12
157	0	1000	0	13
157	0	1000	0	14
157	0	1000	0	15
157	0	1000	0	16
157	0	1000	0	17
157	0	1000	0	18
157	0	1000	0	19
157	0	1000	0	20
157	0	1000	0	21
157	0	1000	0	22
157	0	1000	0	23
157	0	1000	0	24
157	0	1000	0	25
157	0	1000	0	26
157	0	1000	0	27
157	0	1000	0	28
157	0	1000	0	29
157	0	1000	0	30
157	0	1000	0	31
# Event data block #9
# Threshold	DAC	Events	Triggered	CH#
158	0	1000	0	0
158	0	1000	0	1
158	0	1000	0	2
158	0	1000	0	3
158	0	1000	0	4
158	0	1000	0	5
158	0	1000	0	6
158	0	1000	0	7
158	0	1000	0	8
158	0	1000	0	9
158	0	1000	0	10
158	0	1000	0	11
158	0	1000	0	12
158	0	1000	0	13
158	0	1000	0	14
158	0	1000	0	15
158	0	1000	0	16
158	0	1000	0	17
158	0	1000	0	18
158	0	1000	0	19
158	0	1000	0	20
158	0	1000	0	21
158	0	1000	0	22
158	0	1000	0	23
158	0	1000	0	24
158	0	1000	0	25
158	0	1000	0	26
158	0	1000	0	27
158	0	1000	0	28
158	0	1000	0	29
158	0	1000	0	30
158	0	1000	0	31
# Event data block #10
# Threshold	DAC	Events	Triggered	CH#
159	0	1000	0	0
159	0	1000	0	1
159	0	1000	0	2
159	0	1000	0	3
159	0	1000	0	4
159	0	1000	0	5
159	0	1000	0	6
159	0	1000	0	7
159	0	1000	0	8
159	0	1000	0	9
159	0	1000	0	10
159	0	1000	0	11
159	0	1000	0	12
159	0	1000	0	13
159	0	1000	0	14
159	0	1000	0	15
159	0	1000	0	16
159	0	1000	0	17
159	0	1000	0	18
159	0	1000	0	19
159	0	1000	0	20
159	0	1000	0	21
159	0	1000	0	22
159	0	1000	0	23
159	0	1000	0	24
159	0	1000	0	25
159	0	1000	0	26
159	0	1000	0	27
159	0	1000	0	28
159	0	1000	0	29
159	0	1000	0	30
159	0	1000	0	31
# Event data block #11
# Threshold	DAC	Events	Triggered	CH#
160	0	1000	0	0
160	0	1000	0	1
160	0	1000	0	2
160	0	1000	0	3
160	0	1000	0	4
160	0	1000	0	5
160	0	1000	0	6
160	0	1000	0	7
160	0	1000	0	8
160	0	1000	0	9
160	0	1000	0	10
160	0	1000	0	11
160	0	1000	0	12
160	0	1000	0	13
160	0	1000	0	14
160	0	1000	0	15
160	0	1000	0	16
160	0	1000	0	17
160	0	1000	0	18
160	0	1000	0	19
160	0	1000	0	20
160	0	1000	0	21
160	0	1000	0	22
160	0	1000	0	23
160	0	1000	0	24
160	0	1000	0	25
160	0	1000	0	26
160	0	1000	0	27
160	0	1000	0	28
160	0	1000	0	29
160	0	1000	0	30
160	0	1000	0	31
# Event data block #12
# Threshold	DAC	Events	Triggered	CH#
161	0	1000	0	0
161	0	1000	0	1
161	0	1000	0	2
161	0	1000	0	3
161	0	1000	0	4
161	0	1000	0	5
161	0	1000	0	6
161	0	1000	0	7
161	0	1000	0	8
161	0	1000	0	9
161	0	1000	0	10
161	0	1000	0	11
161	0	1000	0	12
161	0	1000	0	13
161	0	1000	0	14
161	0	1000	0	15
161	0	1000	0	16
161	0	1000	0	17
161	0	1000	0	18
161	0	1000	0	19
161	0	1000	0	20
161	0	1000	0	21
161	0	1000	0	22
161	0	1000	0	23
161	0	1000	0	24
161	0	1000	0	25
161	0	1000	0	26
161	0	1000	0	27
161	0	1000	0	28
161	0	1000	0	29
161	0	1000	0	30
161	0	1000	0	31
# Event data block #13
# Threshold	DAC	Events	Triggered	CH#
162	0	1000	0	0
162	0	1000	0	1
162	0	1000	0	2
162	0	1000	0	3
162	0	1000	0	4
162	0	1000	0	5
162	0	1000	0	6
162	0	1000	0	7
162	0	1000	0	8
162	0	1000	0	9
162	0	1000	0	10
162	0	1000	0	11
162	0	1000	0	12
162	0	1000	0	13
162	0	1000	0	14
162	0	1000	0	15
162	0	1000	0	16
162	0	1000	0	17
162	0	1000	0	18
162	0	1000	0	19
162	0	1000	0	20
162	0	1000	0	21
162	0	1000	0	22
162	0	1000	0	23
162	0	1000	0	24
162	0	1000	0	25
162	0	1000	0	26
162	0	1000	0	27
162	0	1000	0	28
162	0	1000	0	29
162	0	1000	0	30
162	0	1000	0	31
# Event data block #14
# Threshold	DAC	Events	Triggered	CH#
163	0	1000	0	0
163	0	1000	0	1
163	0	1000	0	2
163	0	1000	0	3
163	0	1000	0	4
163	0	1000	0	5
163	0	1000	0	6
163	0	1000	0	7
163	0	1000	0	8
163	0	1000	0	9
163	0	1000	0	10
163	0	1000	0	11
163	0	1000	0	12
163	0	1000	0	13
163	0	1000	0	14
163	0	1000	0	15
163	0	1000	0	16
163	0	1000	0	17
163	0	1000	0	18
163	0	1000	0	19
163	0	1000	0	20
163	0	1000	0	21
163	0	1000	0	22
163	0	1000	0	23
163	0	1000	0	24
163	0	1000	0	25
163	0	1000	0	26
163	0	1000	0	27
163	0	1000	0	28
163	0	1000	0	29
163	0	1000	0	30
163	0	1000	0	31
# Event data block #15
# Threshold	DAC	Events	Triggered	CH#
164	0	1000	0	0
164	0	1000	0	1
164	0	1000	0	2
164	0	1000	0	3
164	0	1000	0	4
164	0	1000	0	5
164	0	1000	0	6
164	0	1000	0	7
164	0	1000	0	8
164	0	1000	0	9
164	0	1000	0	10
164	0	1000	0	11
164	0	1000	0	12
164	0	1000	0	13
164	0	1000	0	14
164	0	1000	0	15
164	0	1000	0	16
164	0	1000	0	17
164	0	1000	0	18
164	0	1000	0	19
164	0	1000	0	20
164	0	1000	0	21
164	0	1000	0	22
164	0	1000	0	23
164	0	1000	0	24
164	0	1000	0	25
164	0	1000	0	26
164	0	1000	0	27
164	0	1000	0	28
164	0	1000	0	29
164	0	1000	0	30
164	0	1000	0	31
# Event data block #16
# Threshold	DAC	Events	Triggered	CH#
165	0	1000	0	0
165	0	1000	0	1
165	0	1000	0	2
165	0	1000	0	3
165	0	1000	0	4
165	0	1000	0	5
165	0	1000	0	6
165	0	1000	0	7
165	0	1000	0	8
165	0	1000	0	9
165	0	1000	0	10
165	0	1000	0	11
165	0	1000	0	12
165	0	1000	0	13
165	0	1000	0	14
165	0	1000	0	15
165	0	1000	0	16
165	0	1000	0	17
165	0	1000	0	18
165	0	1000	0	19
165	0	1000	0	20
165	0	1000	0	21
165	0	1000	0	22
165	0	1000	0	23
165	0	1000	0	24
165	0	1000	0	25
165	0	1000	0	26
165	0	1000	0	27
165	0	1000	0	28
165	0	1000	0	29
165	0	1000	0	30
165	0	1000	0	31
# Event data block #17
# Threshold	DAC	Events	Triggered	CH#
166	0	1000	0	0
166	0	1000	0	1
166	0	1000	0	2
166	0	1000	0	3
166	0	1000	0	4
166	0	1000	0	5
166	0	1000	0	6
166	0	1000	0	7
166	0	1000	0	8
166	0	1000	0	9
166	0	1000	0	10
166	0	1000	0	11
166	0	1000	0	12
166	0	1000	0	13
166	0	1000	0	14
166	0	1000	0	15
166	0	1000	0	16
166	0	1000	0	17
166	0	1000	0	18
166	0	1000	0	19
166	0	1000	0	20
166	0	1000	0	21
166	0	1000	0	22
166	0	1000	0	23
166	0	1000	0	24
166	0	1000	0	25
166	0	1000	0	26
166	0	1000	0	27
166	0	1000	0	28
166	0	1000	0	29
166	0	1000	0	30
166	0	1000	0	31
# Event data block #18
# Threshold	DAC	Events	Triggered	CH#
167	0	1000	0	0
167	0	1000	0	1
167	0	1000	0	2
167	0	1000	0	3
167	0	1000	0	4
167	0	1000	0	5
167	0	1000	0	6
167	0	1000	0	7
167	0	1000	0	8
167	0	1000	0	9
167	0	1000	0	10
167	0	1000	0	11
167	0	1000	0	12
167	0	1000	0	13
167	0	1000	0	14
167	0	1000	0	15
167	0	1000	0	16
167	0	1000	0	17
167	0	1000	0	18
167	0	1000	0	19
167	0	1000	0	20
167	0	1000	0	21
167	0	1000	0	22
167	0	1000	0	23
167	0	1000	0	24
167	0	1000	0	25
167	0	1000	0	26
167	0	1000	0	27
167	0	1000	0	28
167	0	1000	0	29
167	0	1000	0	30
167	0	1000	0	31
# Event data block #19
# Threshold	DAC	Events	Triggered	CH#
168	0	1000	0	0
168	0	1000	0	1
168	0	1000	0	2
168	0	1000	0	3
168	0	1000	0	4
168	0	1000	0	5
168	0	1000	0	6
168	0	1000	0	7
168	0	1000	0	8
168	0	1000	0	9
168	0	1000	0	10
168	0	1000	0	11
168	0	1000	0	12
168	0	1000	0	13
168	0	1000	0	14
168	0	1000	0	15
168	0	1000	0	16
168	0	1000	0	17
168	0	1000	0	18
168	0	1000	0	19
168	0	1000	0	20
168	0	1000	0	21
168	0	1000	0	22
168	0	1000	0	23
168	0	1000	0	24
168	0	1000	0	25
168	0	1000	0	26
168	0	1000	0	27
168	0	1000	0	28
168	0	1000	0	29
168	0	1000	0	30
168	0	1000	0	31
# Event data block #20
# Threshold	DAC	Events	Triggered	CH#
169	0	1000	0	0
169	0	1000	0	1
169	0	1000	0	2
169	0	1000	0	3
169	0	1000	0	4
169	0	1000	0	5
169	0	1000	0	6
169	0	1000	0	7
169	0	1000	0	8
169	0	1000	0	9
169	0	1000	0	10
169	0	1000	0	11
169	0	1000	0	12
169	0	1000	0	13
169	0	1000	0	14
169	0	1000	0	15
169	0	1000	0	16
169	0	1000	0	17
169	0	1000	0	18
169	0	1000	0	19
169	0	1000	0	20
169	0	1000	0	21
169	0	1000	0	22
169	0	1000	0	23
169	0	1000	0	24
169	0	1000	0	25
169	0	1000	0	26
169	0	1000	0	27
169	0	1000	0	28
169	0	1000	0	29
169	0	1000	0	30
169	0	1000	0	31
# Event data block #21
# Threshold	DAC	Events	Triggered	CH#
170	0	1000	0	0
170	0	1000	0	1
170	0	1000	0	2
170	0	1000	0	3
170	0	1000	0	4
170	0	1000	0	5
170	0	1000	0	6
170	0	1000	0	7
170	0	1000	0	8
170	0	1000	0	9
170	0	1000	0	10
170	0	1000	0	11
170	0	1000	0	12
170	0	1000	0	13
170	0	1000	0	14
170	0	1000	0	15
170	0	1000	0	16
170	0	1000	0	17
170	0	1000	0	18
170	0	1000	0	19
170	0	1000	0	20
170	0	1000	0	21
170	0	1000	0	22
170	0	1000	0	23
170	0	1000	0	24
170	0	1000	0	25
170	0	1000	0	26
170	0	1000	0	27
170	0	1000	0	28
170	0	1000	0	29
170	0	1000	0	30
170	0	1000	0	31
# Event data block #22
# Threshold	DAC	Events	Triggered	CH#
171	0	1000	0	0
171	0	1000	0	1
171	0	1000	0	2
171	0	1000	0	3
171	0	1000	0	4
171	0	1000	0	5
171	0	1000	0	6
171	0	1000	0	7
171	0	1000	0	8
171	0	1000	0	9
171	0	1000	0	10
171	0	1000	0	11
171	0	1000	0	12
171	0	1000	0	13
171	0	1000	0	14
171	0	1000	0	15
171	0	1000	0	16
171	0	1000	0	17
171	0	1000	0	18
171	0	1000	0	19
171	0	1000	0	20
171	0	1000	0	21
171	0	1000	0	22
171	0	1000	0	23
171	0	1000	0	24
171	0	1000	0	25
171	0	1000	0	26
171	0	1000	0	27
171	0	1000	0	28
171	0	1000	0	29
171	0	1000	0	30
171	0	1000	0	31
# Event data block #23
# Threshold	DAC	Events	Triggered	CH#
172	0	1000	0	0
172	0	1000	0	1
172	0	1000	0	2
172	0	1000	0	3
172	0	1000	0	4
172	0	1000	0	5
172	0	1000	0	6
172	0	1000	0	7
172	0	1000	0	8
172	0	1000	0	9
172	0	1000	0	10
172	0	1000	0	11
172	0	1000	0	12
172	0	1000	0	13
172	0	1000	0	14
172	0	1000	0	15
172	0	1000	0	16
172	0	1000	0	17
172	0	1000	0	18
172	0	1000	0	19
172	0	1000	0	20
172	0	1000	0	21
172	0	1000	0	22
172	0	1000	0	23
172	0	1000	0	24
172	0	1000	0	25
172	0	1000	0	26
172	0	1000	0	27
172	0	1000	0	28
172	0	1000	0	29
172	0	1000	0	30
172	0	1000	0	31
# Event data block #24
# Threshold	DAC	Events	Triggered	CH#
173	0	1000	0	0
173	0	1000	0	1
173	0	1000	0	2
173	0	1000	0	3
173	0	1000	0	4
173	0	1000	0	5
173	0	1000	0	6
173	0	1000	0	7
173	0	1000	0	8
173	0	1000	0	9
173	0	1000	0	10
173	0	1000	0	11
173	0	1000	0	12
173	0	1000	0	13
173	0	1000	0	14
173	0	1000	0	15
173	0	1000	0	16
173	0	1000	0	17
173	0	1000	0	18
173	0	1000	0	19
173	0	1000	0	20
173	0	1000	0	21
173	0	1000	0	22
173	0	1000	0	23
173	0	1000	0	24
173	0	1000	0	25
173	0	1000	0	26
173	0	1000	0	27
173	0	1000	0	28
173	0	1000	0	29
173	0	1000	0	30
173	0	1000	0	31
# Event data block #25
# Threshold	DAC	Events	Triggered	CH#
174	0	1000	0	0
174	0	1000	0	1
174	0	1000	0	2
174	0	1000	0	3
174	0	1000	0	4
174	0	1000	0	5
174	0	1000	0	6
174	0	1000	0	7
174	0	1000	0	8
174	0	1000	0	9
174	0	1000	0	10
174	0	1000	0	11
174	0	1000	0	12
174	0	1000	0	13
174	0	1000	0	14
174	0	1000	0	15
174	0	1000	0	16
174	0	1000	0	17
174	0	1000	0	18
174	0	1000	0	19
174	0	1000	0	20
174	0	1000	0	21
174	0	1000	0	22
174	0	1000	0	23
174	0	1000	0	24
174	0	1000	0	25
174	0	1000	0	26
174	0	1000	0	27
174	0	1000	0	28
174	0	1000	0	29
174	0	1000	0	30
174	0	1000	0	31
# Event data block #26
# Threshold	DAC	Events	Triggered	CH#
175	0	1000	0	0
175	0	1000	0	1
175	0	1000	0	2
175	0	1000	0	3
175	0	1000	0	4
175	0	1000	0	5
175	0	1000	0	6
175	0	1000	0	7
175	0	1000	0	8
175	0	1000	0	9
175	0	1000	0	10
175	0	1000	0	11
175	0	1000	0	12
175	0	1000	0	13
175	0	1000	0	14
175	0	1000	0	15
175	0	1000	0	16
175	0	1000	0	17
175	0	1000	0	18
175	0	1000	0	19
175	0	1000	0	20
175	0	1000	0	21
175	0	1000	0	22
175	0	1000	0	23
175	0	1000	0	24
175	0	1000	0	25
175	0	1000	0	26
175	0	1000	0	27
175	0	1000	0	28
175	0	1000	0	29
175	0	1000	0	30
175	0	1000	0	31
# Event data block #27
# Threshold	DAC	Events	Triggered	CH#
176	0	1000	0	0
176	0	1000	0	1
176	0	1000	0	2
176	0	1000	0	3
176	0	1000	0	4
176	0	1000	0	5
176	0	1000	0	6
176	0	1000	0	7
176	0	1000	0	8
176	0	1000	0	9
176	0	1000	0	10
176	0	1000	0	11
176	0	1000	0	12
176	0	1000	0	13
176	0	1000	0	14
176	0	1000	0	15
176	0	1000	0	16
176	0	1000	0	17
176	0	1000	0	18
176	0	1000	0	19
176	0	1000	0	20
176	0	1000	0	21
176	0	1000	0	22
176	0	1000	0	23
176	0	1000	0	24
176	0	1000	0	25
176	0	1000	0	26
176	0	1000	0	27
176	0	1000	0	28
176	0	1000	0	29
176	0	1000	0	30
176	0	1000	0	31
# Event data block #28
# Threshold	DAC	Events	Triggered	CH#
177	0	1000	0	0
177	0	1000	0	1
177	0	1000	0	2
177	0	1000	0	3
177	0	1000	0	4
177	0	1000	0	5
177	0	1000	0	6
177	0	1000	0	7
177	0	1000	0	8
177	0	1000	0	9
177	0	1000	0	10
177	0	1000	0	11
177	0	1000	0	12
177	0	1000	0	13
177	0	1000	0	14
177	0	1000	0	15
177	0	1000	0	16
177	0	1000	0	17
177	0	1000	0	18
177	0	1000	0	19
177	0	1000	0	20
177	0	1000	0	21
177	0	1000	0	22
177	0	1000	0	23
177	0	1000	0	24
177	0	1000	0	25
177	0	1000	0	26
177	0	1000	0	27
177	0	1000	0	28
177	0	1000	0	29
177	0	1000	0	30
177	0	1000	0	31
# Event data block #29
# Threshold	DAC	Events	Triggered	CH#
178	0	1000	0	0
178	0	1000	0	1
178	0	1000	0	2
178	0	1000	0	3
178	0	1000	0	4
178	0	1000	0	5
178	0	1000	0	6
178	0	1000	0	7
178	0	1000	0	8
178	0	1000	0	9
178	0	1000	0	10
178	0	1000	0	11
178	0	1000	0	12
178	0	1000	0	13
178	0	1000	0	14
178	0	1000	0	15
178	0	1000	0	16
178	0	1000	0	17
178	0	1000	0	18
178	0	1000	0	19
178	0	1000	0	20
178	0	1000	0	21
178	0	1000	0	22
178	0	1000	0	23
178	0	1000	0	24
178	0	1000	0	25
178	0	1000	0	26
178	0	1000	0	27
178	0	1000	0	28
178	0	1000	0	29
178	0	1000	0	30
178	0	1000	0	31
# Event data block #30
# Threshold	DAC	Events	Triggered	CH#
179	0	1000	0	0
179	0	1000	0	1
179	0	1000	0	2
179	0	1000	0	3
179	0	1000	0	4
179	0	1000	0	5
179	0	1000	1	6
179	0	1000	0	7
179	0	1000	0	8
179	0	1000	0	9
179	0	1000	0	10
179	0	1000	0	11
179	0	1000	0	12
179	0	1000	0	13
179	0	1000	0	14
179	0	1000	0	15
179	0	1000	0	16
179	0	1000	0	17
179	0	1000	0	18
179	0	1000	0	19
179	0	1000	0	20
179	0	1000	0	21
179	0	1000	0	22
179	0	1000	0	23
179	0	1000	0	24
179	0	1000	0	25
179	0	1000	0	26
179	0	1000	0	27
179	0	1000	0	28
179	0	1000	0	29
179	0	1000	0	30
179	0	1000	0	31
# Event data block #31
# Threshold	DAC	Events	Triggered	CH#
180	0	1000	0	0
180	0	1000	0	1
180	0	1000	0	2
180	0	1000	0	3
180	0	1000	0	4
180	0	1000	0	5
180	0	1000	0	6
180	0	1000	0	7
180	0	1000	0	8
180	0	1000	0	9
180	0	1000	0	10
180	0	1000	0	11
180	0	1000	0	12
180	0	1000	0	13
180	0	1000	0	14
180	0	1000	0	15
180	0	1000	0	16
180	0	1000	0	17
180	0	1000	0	18
180	0	1000	0	19
180	0	1000	0	20
180	0	1000	0	21
180	0	1000	0	22
180	0	1000	0	23
180	0	1000	0	24
180	0	1000	0	25
180	0	1000	0	26
180	0	1000	0	27
180	0	1000	0	28
180	0	1000	0	29
180	0	1000	0	30
180	0	1000	0	31
# Event data block #32
# Threshold	DAC	Events	Triggered	CH#
181	0	1000	0	0
181	0	1000	0	1
181	0	1000	0	2
181	0	1000	0	3
181	0	1000	0	4
181	0	1000	0	5
181	0	1000	0	6
181	0	1000	0	7
181	0	1000	0	8
181	0	1000	0	9
181	0	1000	0	10
181	0	1000	0	11
181	0	1000	0	12
181	0	1000	0	13
181	0	1000	0	14
181	0	1000	0	15
181	0	1000	0	16
181	0	1000	0	17
181	0	1000	0	18
181	0	1000	0	19
181	0	1000	0	20
181	0	1000	0	21
181	0	1000	0	22
181	0	1000	0	23
181	0	1000	0	24
181	0	1000	0	25
181	0	1000	0	26
181	0	1000	0	27
181	0	1000	0	28
181	0	1000	0	29
181	0	1000	0	30
181	0	1000	0	31
# Event data block #33
# Threshold	DAC	Events	Triggered	CH#
182	0	1000	0	0
182	0	1000	0	1
182	0	1000	0	2
182	0	1000	0	3
182	0	1000	0	4
182	0	1000	0	5
182	0	1000	0	6
182	0	1000	0	7
182	0	1000	0	8
182	0	1000	0	9
182	0	1000	0	10
182	0	1000	0	11
182	0	1000	0	12
182	0	1000	0	13
182	0	1000	0	14
182	0	1000	0	15
182	0	1000	0	16
182	0	1000	0	17
182	0	1000	0	18
182	0	1000	0	19
182	0	1000	0	20
182	0	1000	0	21
182	0	1000	0	22
182	0	1000	0	23
182	0	1000	0	24
182	0	1000	0	25
182	0	1000	0	26
182	0	1000	0	27
182	0	1000	0	28
182	0	1000	0	29
182	0	1000	0	30
182	0	1000	0	31
# Event data block #34
# Threshold	DAC	Events	Triggered	CH#
183	0	1000	0	0
183	0	1000	0	1
183	0	1000	0	2
183	0	1000	0	3
183	0	1000	0	4
183	0	1000	0	5
183	0	1000	0	6
183	0	1000	0	7
183	0	1000	0	8
183	0	1000	0	9
183	0	1000	0	10
183	0	1000	0	11
183	0	1000	0	12
183	0	1000	0	13
183	0	1000	0	14
183	0	1000	0	15
183	0	1000	0	16
183	0	1000	0	17
183	0	1000	0	18
183	0	1000	0	19
183	0	1000	0	20
183	0	1000	0	21
183	0	1000	0	22
183	0	1000	0	23
183	0	1000	0	24
183	0	1000	0	25
183	0	1000	0	26
183	0	1000	0	27
183	0	1000	0	28
183	0	1000	0	29
183	0	1000	0	30
183	0	1000	0	31
# Event data block #35
# Threshold	DAC	Events	Triggered	CH#
184	0	1000	0	0
184	0	1000	0	1
184	0	1000	0	2
184	0	1000	0	3
184	0	1000	0	4
184	0	1000	0	5
184	0	1000	0	6
184	0	1000	0	7
184	0	1000	0	8
184	0	1000	0	9
184	0	1000	0	10
184	0	1000	0	11
184	0	1000	0	12
184	0	1000	0	13
184	0	1000	0	14
184	0	1000	0	15
184	0	1000	0	16
184	0	1000	0	17
184	0	1000	0	18
184	0	1000	0	19
184	0	1000	0	20
184	0	1000	0	21
184	0	1000	0	22
184	0	1000	0	23
184	0	1000	0	24
184	0	1000	0	25
184	0	1000	0	26
184	0	1000	0	27
184	0	1000	0	28
184	0	1000	0	29
184	0	1000	0	30
184	0	1000	0	31
# Event data block #36
# Threshold	DAC	Events	Triggered	CH#
185	0	1000	0	0
185	0	1000	0	1
185	0	1000	0	2
185	0	1000	0	3
185	0	1000	0	4
185	0	1000	0	5
185	0	1000	0	6
185	0	1000	0	7
185	0	1000	0	8
185	0	1000	0	9
185	0	1000	0	10
185	0	1000	0	11
185	0	1000	0	12
185	0	1000	0	13
185	0	1000	0	14
185	0	1000	0	15
185	0	1000	0	16
185	0	1000	0	17
185	0	1000	0	18
185	0	1000	0	19
185	0	1000	0	20
185	0	1000	0	21
185	0	1000	0	22
185	0	1000	0	23
185	0	1000	0	24
185	0	1000	0	25
185	0	1000	0	26
185	0	1000	0	27
185	0	1000	0	28
185	0	1000	0	29
185	0	1000	0	30
185	0	1000	0	31
# Event data block #37
# Threshold	DAC	Events	Triggered	CH#
186	0	1000	0	0
186	0	1000	0	1
186	0	1000	0	2
186	0	1000	0	3
186	0	1000	0	4
186	0	1000	0	5
186	0	1000	0	6
186	0	1000	0	7
186	0	1000	0	8
186	0	1000	0	9
186	0	1000	0	10
186	0	1000	0	11
186	0	1000	0	12
186	0	1000	0	13
186	0	1000	0	14
186	0	1000	0	15
186	0	1000	0	16
186	0	1000	0	17
186	0	1000	0	18
186	0	1000	0	19
186	0	1000	0	20
186	0	1000	0	21
186	0	1000	0	22
186	0	1000	0	23
186	0	1000	0	24
186	0	1000	0	25
186	0	1000	0	26
186	0	1000	0	27
186	0	1000	0	28
186	0	1000	0	29
186	0	1000	0	30
186	0	1000	0	31
# Event data block #38
# Threshold	DAC	Events	Triggered	CH#
187	0	1000	0	0
187	0	1000	0	1
187	0	1000	0	2
187	0	1000	0	3
187	0	1000	0	4
187	0	1000	0	5
187	0	1000	0	6
187	0	1000	0	7
187	0	1000	0	8
187	0	1000	0	9
187	0	1000	0	10
187	0	1000	0	11
187	0	1000	0	12
187	0	1000	0	13
187	0	1000	0	14
187	0	1000	0	15
187	0	1000	0	16
187	0	1000	0	17
187	0	1000	0	18
187	0	1000	0	19
187	0	1000	0	20
187	0	1000	0	21
187	0	1000	0	22
187	0	1000	0	23
187	0	1000	0	24
187	0	1000	0	25
187	0	1000	0	26
187	0	1000	0	27
187	0	1000	0	28
187	0	1000	0	29
187	0	1000	0	30
187	0	1000	0	31
# Event data block #39
# Threshold	DAC	Events	Triggered	CH#
188	0	1000	0	0
188	0	1000	0	1
188	0	1000	0	2
188	0	1000	0	3
188	0	1000	0	4
188	0	1000	0	5
188	0	1000	0	6
188	0	1000	0	7
188	0	1000	0	8
188	0	1000	0	9
188	0	1000	0	10
188	0	1000	0	11
188	0	1000	0	12
188	0	1000	0	13
188	0	1000	0	14
188	0	1000	0	15
188	0	1000	0	16
188	0	1000	0	17
188	0	1000	0	18
188	0	1000	0	19
188	0	1000	0	20
188	0	1000	0	21
188	0	1000	0	22
188	0	1000	0	23
188	0	1000	0	24
188	0	1000	0	25
188	0	1000	0	26
188	0	1000	0	27
188	0	1000	0	28
188	0	1000	0	29
188	0	1000	0	30
188	0	1000	0	31
# Event data block #40
# Threshold	DAC	Events	Triggered	CH#
189	0	1000	0	0
189	0	1000	0	1
189	0	1000	0	2
189	0	1000	0	3
189	0	1000	0	4
189	0	1000	0	5
189	0	1000	0	6
189	0	1000	0	7
189	0	1000	0	8
189	0	1000	0	9
189	0	1000	0	10
189	0	1000	0	11
189	0	1000	0	12
189	0	1000	0	13
189	0	1000	0	14
189	0	1000	0	15
189	0	1000	0	16
189	0	1000	0	17
189	0	1000	0	18
189	0	1000	0	19
189	0	1000	0	20
189	0	1000	0	21
189	0	1000	0	22
189	0	1000	0	23
189	0	1000	0	24
189	0	1000	0	25
189	0	1000	0	26
189	0	1000	0	27
189	0	1000	0	28
189	0	1000	0	29
189	0	1000	0	30
189	0	1000	0	31
# Event data block #41
# Threshold	DAC	Events	Triggered	CH#
190	0	1000	0	0
190	0	1000	0	1
190	0	1000	0	2
190	0	1000	0	3
190	0	1000	0	4
190	0	1000	0	5
190	0	1000	0	6
190	0	1000	0	7
190	0	1000	0	8
190	0	1000	0	9
190	0	1000	0	10
190	0	1000	0	11
190	0	1000	0	12
190	0	1000	0	13
190	0	1000	0	14
190	0	1000	0	15
190	0	1000	0	16
190	0	1000	0	17
190	0	1000	0	18
190	0	1000	0	19
190	0	1000	0	20
190	0	1000	0	21
190	0	1000	0	22
190	0	1000	0	23
190	0	1000	0	24
190	0	1000	0	25
190	0	1000	0	26
190	0	1000	0	27
190	0	1000	0	28
190	0	1000	0	29
190	0	1000	0	30
190	0	1000	0	31
# Event data block #42
# Threshold	DAC	Events	Triggered	CH#
191	0	1000	0	0
191	0	1000	0	1
191	0	1000	0	2
191	0	1000	0	3
191	0	1000	0	4
191	0	1000	0	5
191	0	1000	0	6
191	0	1000	0	7
191	0	1000	0	8
191	0	1000	0	9
191	0	1000	0	10
191	0	1000	0	11
191	0	1000	0	12
191	0	1000	0	13
191	0	1000	0	14
191	0	1000	0	15
191	0	1000	0	16
191	0	1000	0	17
191	0	1000	0	18
191	0	1000	0	19
191	0	1000	0	20
191	0	1000	0	21
191	0	1000	0	22
191	0	1000	0	23
191	0	1000	0	24
191	0	1000	0	25
191	0	1000	0	26
191	0	1000	0	27
191	0	1000	0	28
191	0	1000	0	29
191	0	1000	0	30
191	0	1000	0	31
# Event data block #43
# Threshold	DAC	Events	Triggered	CH#
192	0	1000	0	0
192	0	1000	0	1
192	0	1000	0	2
192	0	1000	0	3
192	0	1000	0	4
192	0	1000	0	5
192	0	1000	0	6
192	0	1000	0	7
192	0	1000	0	8
192	0	1000	0	9
192	0	1000	0	10
192	0	1000	0	11
192	0	1000	0	12
192	0	1000	0	13
192	0	1000	0	14
192	0	1000	0	15
192	0	1000	0	16
192	0	1000	0	17
192	0	1000	0	18
192	0	1000	0	19
192	0	1000	0	20
192	0	1000	0	21
192	0	1000	0	22
192	0	1000	0	23
192	0	1000	0	24
192	0	1000	0	25
192	0	1000	0	26
192	0	1000	0	27
192	0	1000	0	28
192	0	1000	0	29
192	0	1000	0	30
192	0	1000	0	31
# Event data block #44
# Threshold	DAC	Events	Triggered	CH#
193	0	1000	0	0
193	0	1000	0	1
193	0	1000	0	2
193	0	1000	0	3
193	0	1000	0	4
193	0	1000	0	5
193	0	1000	0	6
193	0	1000	0	7
193	0	1000	0	8
193	0	1000	0	9
193	0	1000	0	10
193	0	1000	0	11
193	0	1000	0	12
193	0	1000	0	13
193	0	1000	0	14
193	0	1000	0	15
193	0	1000	0	16
193	0	1000	0	17
193	0	1000	0	18
193	0	1000	0	19
193	0	1000	0	20
193	0	1000	0	21
193	0	1000	0	22
193	0	1000	0	23
193	0	1000	0	24
193	0	1000	0	25
193	0	1000	0	26
193	0	1000	0	27
193	0	1000	0	28
193	0	1000	0	29
193	0	1000	0	30
193	0	1000	0	31
# Event data block #45
# Threshold	DAC	Events	Triggered	CH#
194	0	1000	0	0
194	0	1000	0	1
194	0	1000	0	2
194	0	1000	0	3
194	0	1000	0	4
194	0	1000	0	5
194	0	1000	0	6
194	0	1000	0	7
194	0	1000	0	8
194	0	1000	0	9
194	0	1000	0	10
194	0	1000	0	11
194	0	1000	0	12
194	0	1000	0	13
194	0	1000	0	14
194	0	1000	0	15
194	0	1000	0	16
194	0	1000	0	17
194	0	1000	0	18
194	0	1000	0	19
194	0	1000	0	20
194	0	1000	0	21
194	0	1000	0	22
194	0	1000	0	23
194	0	1000	0	24
194	0	1000	0	25
194	0	1000	0	26
194	0	1000	0	27
194	0	1000	0	28
194	0	1000	0	29
194	0	1000	0	30
194	0	1000	0	31
# Event data block #46
# Threshold	DAC	Events	Triggered	CH#
195	0	1000	0	0
195	0	1000	0	1
195	0	1000	0	2
195	0	1000	0	3
195	0	1000	0	4
195	0	1000	0	5
195	0	1000	0	6
195	0	1000	0	7
195	0	1000	0	8
195	0	1000	0	9
195	0	1000	0	10
195	0	1000	0	11
195	0	1000	0	12
195	0	1000	0	13
195	0	1000	0	14
195	0	1000	0	15
195	0	1000	0	16
195	0	1000	0	17
195	0	1000	0	18
195	0	1000	0	19
195	0	1000	0	20
195	0	1000	0	21
195	0	1000	0	22
195	0	1000	0	23
195	0	1000	0	24
195	0	1000	0	25
195	0	1000	0	26
195	0	1000	0	27
195	0	1000	0	28
195	0	1000	0	29
195	0	1000	0	30
195	0	1000	0	31
# Event data block #47
# Threshold	DAC	Events	Triggered	CH#
196	0	1000	0	0
196	0	1000	0	1
196	0	1000	0	2
196	0	1000	0	3
196	0	1000	0	4
196	0	1000	0	5
196	0	1000	0	6
196	0	1000	0	7
196	0	1000	0	8
196	0	1000	0	9
196	0	1000	0	10
196	0	1000	0	11
196	0	1000	0	12
196	0	1000	0	13
196	0	1000	0	14
196	0	1000	0	15
196	0	1000	0	16
196	0	1000	0	17
196	0	1000	0	18
196	0	1000	0	19
196	0	1000	0	20
196	0	1000	0	21
196	0	1000	0	22
196	0	1000	0	23
196	0	1000	0	24
196	0	1000	0	25
196	0	1000	0	26
196	0	1000	0	27
196	0	1000	0	28
196	0	1000	0	29
196	0	1000	0	30
196	0	1000	0	31
# Event data block #48
# Threshold	DAC	Events	Triggered	CH#
197	0	1000	0	0
197	0	1000	0	1
197	0	1000	0	2
197	0	1000	0	3
197	0	1000	0	4
197	0	1000	0	5
197	0	1000	0	6
197	0	1000	0	7
197	0	1000	0	8
197	0	1000	0	9
197	0	1000	0	10
197	0	1000	0	11
197	0	1000	0	12
197	0	1000	0	13
197	0	1000	0	14
197	0	1000	0	15
197	0	1000	0	16
197	0	1000	0	17
197	0	1000	0	18
197	0	1000	0	19
197	0	1000	0	20
197	0	1000	0	21
197	0	1000	0	22
197	0	1000	0	23
197	0	1000	0	24
197	0	1000	0	25
197	0	1000	0	26
197	0	1000	0	27
197	0	1000	0	28
197	0	1000	0	29
197	0	1000	0	30
197	0	1000	0	31
# Event data block #49
# Threshold	DAC	Events	Triggered	CH#
198	0	1000	0	0
198	0	1000	0	1
198	0	1000	0	2
198	0	1000	0	3
198	0	1000	0	4
198	0	1000	0	5
198	0	1000	0	6
198	0	1000	0	7
198	0	1000	0	8
198	0	1000	0	9
198	0	1000	0	10
198	0	1000	0	11
198	0	1000	0	12
198	0	1000	0	13
198	0	1000	0	14
198	0	1000	0	15
198	0	1000	0	16
198	0	1000	0	17
198	0	1000	0	18
198	0	1000	0	19
198	0	1000	0	20
198	0	1000	0	21
198	0	1000	0	22
198	0	1000	0	23
198	0	1000	0	24
198	0	1000	0	25
198	0	1000	0	26
198	0	1000	0	27
198	0	1000	0	28
198	0	1000	0	29
198	0	1000	0	30
198	0	1000	0	31
# Event data block #50
# Threshold	DAC	Events	Triggered	CH#
199	0	1000	0	0
199	0	1000	0	1
199	0	1000	0	2
199	0	1000	0	3
199	0	1000	0	4
199	0	1000	0	5
199	0	1000	0	6
199	0	1000	0	7
199	0	1000	0	8
199	0	1000	0	9
199	0	1000	0	10
199	0	1000	0	11
199	0	1000	0	12
199	0	1000	0	13
199	0	1000	0	14
199	0	1000	0	15
199	0	1000	0	16
199	0	1000	0	17
199	0	1000	0	18
199	0	1000	0	19
199	0	1000	0	20
199	0	1000	0	21
199	0	1000	0	22
199	0	1000	0	23
199	0	1000	0	24
199	0	1000	0	25
199	0	1000	0	26
199	0	1000	0	27
199	0	1000	0	28
199	0	1000	0	29
199	0	1000	0	30
199	0	1000	0	31
# Event data block #51
# Threshold	DAC	Events	Triggered	CH#
200	0	1000	0	0
200	0	1000	0	1
200	0	1000	0	2
200	0	1000	0	3
200	0	1000	0	4
200	0	1000	0	5
200	0	1000	0	6
200	0	1000	0	7
200	0	1000	0	8
200	0	1000	0	9
200	0	1000	0	10
200	0	1000	0	11
200	0	1000	0	12
200	0	1000	0	13
200	0	1000	0	14
200	0	1000	0	15
200	0	1000	0	16
200	0	1000	0	17
200	0	1000	0	18
200	0	1000	0	19
200	0	1000	0	20
200	0	1000	0	21
200	0	1000	0	22
200	0	1000	0	23
200	0	1000	0	24
200	0	1000	0	25
200	0	1000	0	26
200	0	1000	0	27
200	0	1000	0	28
200	0	1000	0	29
200	0	1000	0	30
200	0	1000	0	31
# Event data block #52
# Threshold	DAC	Events	Triggered	CH#
201	0	1000	0	0
201	0	1000	0	1
201	0	1000	0	2
201	0	1000	0	3
201	0	1000	0	4
201	0	1000	0	5
201	0	1000	0	6
201	0	1000	0	7
201	0	1000	0	8
201	0	1000	0	9
201	0	1000	0	10
201	0	1000	0	11
201	0	1000	0	12
201	0	1000	0	13
201	0	1000	0	14
201	0	1000	0	15
201	0	1000	0	16
201	0	1000	0	17
201	0	1000	0	18
201	0	1000	0	19
201	0	1000	0	20
201	0	1000	0	21
201	0	1000	0	22
201	0	1000	0	23
201	0	1000	0	24
201	0	1000	0	25
201	0	1000	0	26
201	0	1000	0	27
201	0	1000	0	28
201	0	1000	0	29
201	0	1000	0	30
201	0	1000	0	31
# Event data block #53
# Threshold	DAC	Events	Triggered	CH#
202	0	1000	0	0
202	0	1000	0	1
202	0	1000	0	2
202	0	1000	0	3
202	0	1000	0	4
202	0	1000	0	5
202	0	1000	0	6
202	0	1000	0	7
202	0	1000	0	8
202	0	1000	0	9
202	0	1000	0	10
202	0	1000	0	11
202	0	1000	0	12
202	0	1000	0	13
202	0	1000	0	14
202	0	1000	0	15
202	0	1000	0	16
202	0	1000	0	17
202	0	1000	0	18
202	0	1000	0	19
202	0	1000	0	20
202	0	1000	0	21
202	0	1000	0	22
202	0	1000	0	23
202	0	1000	0	24
202	0	1000	0	25
202	0	1000	0	26
202	0	1000	0	27
202	0	1000	0	28
202	0	1000	0	29
202	0	1000	0	30
202	0	1000	0	31
# Event data block #54
# Threshold	DAC	Events	Triggered	CH#
203	0	1000	0	0
203	0	1000	0	1
203	0	1000	0	2
203	0	1000	0	3
203	0	1000	0	4
203	0	1000	0	5
203	0	1000	0	6
203	0	1000	0	7
203	0	1000	0	8
203	0	1000	0	9
203	0	1000	0	10
203	0	1000	0	11
203	0	1000	0	12
203	0	1000	0	13
203	0	1000	0	14
203	0	1000	0	15
203	0	1000	0	16
203	0	1000	0	17
203	0	1000	0	18
203	0	1000	0	19
203	0	1000	0	20
203	0	1000	0	21
203	0	1000	0	22
203	0	1000	0	23
203	0	1000	0	24
203	0	1000	0	25
203	0	1000	0	26
203	0	1000	0	27
203	0	1000	0	28
203	0	1000	0	29
203	0	1000	0	30
203	0	1000	0	31
# Event data block #55
# Threshold	DAC	Events	Triggered	CH#
204	0	1000	0	0
204	0	1000	0	1
204	0	1000	0	2
204	0	1000	0	3
204	0	1000	0	4
204	0	1000	0	5
204	0	1000	0	6
204	0	1000	0	7
204	0	1000	0	8
204	0	1000	0	9
204	0	1000	0	10
204	0	1000	0	11
204	0	1000	0	12
204	0	1000	0	13
204	0	1000	0	14
204	0	1000	0	15
204	0	1000	0	16
204	0	1000	0	17
204	0	1000	0	18
204	0	1000	0	19
204	0	1000	0	20
204	0	1000	0	21
204	0	1000	0	22
204	0	1000	0	23
204	0	1000	0	24
204	0	1000	0	25
204	0	1000	0	26
204	0	1000	0	27
204	0	1000	0	28
204	0	1000	0	29
204	0	1000	0	30
204	0	1000	0	31
# Event data block #56
# Threshold	DAC	Events	Triggered	CH#
205	0	1000	0	0
205	0	1000	0	1
205	0	1000	0	2
205	0	1000	0	3
205	0	1000	0	4
205	0	1000	0	5
205	0	1000	0	6
205	0	1000	0	7
205	0	1000	0	8
205	0	1000	0	9
205	0	1000	0	10
205	0	1000	0	11
205	0	1000	0	12
205	0	1000	0	13
205	0	1000	0	14
205	0	1000	0	15
205	0	1000	0	16
205	0	1000	0	17
205	0	1000	0	18
205	0	1000	0	19
205	0	1000	0	20
205	0	1000	0	21
205	0	1000	0	22
205	0	1000	0	23
205	0	1000	0	24
205	0	1000	0	25
205	0	1000	0	26
205	0	1000	0	27
205	0	1000	0	28
205	0	1000	0	29
205	0	1000	0	30
205	0	1000	0	31
# Event data block #57
# Threshold	DAC	Events	Triggered	CH#
206	0	1000	0	0
206	0	1000	0	1
206	0	1000	0	2
206	0	1000	0	3
206	0	1000	0	4
206	0	1000	0	5
206	0	1000	0	6
206	0	1000	0	7
206	0	1000	0	8
206	0	1000	0	9
206	0	1000	0	10
206	0	1000	0	11
206	0	1000	0	12
206	0	1000	0	13
206	0	1000	0	14
206	0	1000	0	15
206	0	1000	0	16
206	0	1000	0	17
206	0	1000	0	18
206	0	1000	0	19
206	0	1000	0	20
206	0	1000	0	21
206	0	1000	0	22
206	0	1000	0	23
206	0	1000	0	24
206	0	1000	0	25
206	0	1000	0	26
206	0	1000	0	27
206	0	1000	0	28
206	0	1000	0	29
206	0	1000	0	30
206	0	1000	0	31
# Event data block #58
# Threshold	DAC	Events	Triggered	CH#
207	0	1000	0	0
207	0	1000	0	1
207	0	1000	0	2
207	0	1000	0	3
207	0	1000	0	4
207	0	1000	0	5
207	0	1000	0	6
207	0	1000	0	7
207	0	1000	0	8
207	0	1000	0	9
207	0	1000	0	10
207	0	1000	0	11
207	0	1000	0	12
207	0	1000	0	13
207	0	1000	0	14
207	0	1000	0	15
207	0	1000	0	16
207	0	1000	0	17
207	0	1000	0	18
207	0	1000	0	19
207	0	1000	0	20
207	0	1000	0	21
207	0	1000	0	22
207	0	1000	0	23
207	0	1000	0	24
207	0	1000	0	25
207	0	1000	0	26
207	0	1000	0	27
207	0	1000	0	28
207	0	1000	0	29
207	0	1000	0	30
207	0	1000	0	31
# Event data block #59
# Threshold	DAC	Events	Triggered	CH#
208	0	1000	0	0
208	0	1000	0	1
208	0	1000	0	2
208	0	1000	0	3
208	0	1000	0	4
208	0	1000	0	5
208	0	1000	0	6
208	0	1000	0	7
208	0	1000	0	8
208	0	1000	0	9
208	0	1000	0	10
208	0	1000	0	11
208	0	1000	0	12
208	0	1000	0	13
208	0	1000	0	14
208	0	1000	0	15
208	0	1000	0	16
208	0	1000	0	17
208	0	1000	0	18
208	0	1000	0	19
208	0	1000	0	20
208	0	1000	0	21
208	0	1000	0	22
208	0	1000	0	23
208	0	1000	0	24
208	0	1000	0	25
208	0	1000	0	26
208	0	1000	0	27
208	0	1000	0	28
208	0	1000	0	29
208	0	1000	0	30
208	0	1000	0	31
# Event data block #60
# Threshold	DAC	Events	Triggered	CH#
209	0	1000	0	0
209	0	1000	0	1
209	0	1000	0	2
209	0	1000	0	3
209	0	1000	0	4
209	0	1000	0	5
209	0	1000	0	6
209	0	1000	0	7
209	0	1000	0	8
209	0	1000	0	9
209	0	1000	0	10
209	0	1000	0	11
209	0	1000	0	12
209	0	1000	0	13
209	0	1000	0	14
209	0	1000	0	15
209	0	1000	0	16
209	0	1000	0	17
209	0	1000	0	18
209	0	1000	0	19
209	0	1000	0	20
209	0	1000	0	21
209	0	1000	0	22
209	0	1000	0	23
209	0	1000	0	24
209	0	1000	0	25
209	0	1000	0	26
209	0	1000	0	27
209	0	1000	0	28
209	0	1000	0	29
209	0	1000	0	30
209	0	1000	0	31
# Event data block #61
# Threshold	DAC	Events	Triggered	CH#
210	0	1000	0	0
210	0	1000	0	1
210	0	1000	0	2
210	0	1000	0	3
210	0	1000	0	4
210	0	1000	0	5
210	0	1000	0	6
210	0	1000	0	7
210	0	1000	0	8
210	0	1000	0	9
210	0	1000	0	10
210	0	1000	0	11
210	0	1000	0	12
210	0	1000	0	13
210	0	1000	0	14
210	0	1000	0	15
210	0	1000	0	16
210	0	1000	0	17
210	0	1000	0	18
210	0	1000	0	19
210	0	1000	0	20
210	0	1000	0	21
210	0	1000	0	22
210	0	1000	0	23
210	0	1000	0	24
210	0	1000	0	25
210	0	1000	0	26
210	0	1000	0	27
210	0	1000	0	28
210	0	1000	0	29
210	0	1000	2	30
210	0	1000	0	31
# Event data block #62
# Threshold	DAC	Events	Triggered	CH#
211	0	1000	0	0
211	0	1000	0	1
211	0	1000	0	2
211	0	1000	0	3
211	0	1000	0	4
211	0	1000	0	5
211	0	1000	0	6
211	0	1000	0	7
211	0	1000	0	8
211	0	1000	0	9
211	0	1000	0	10
211	0	1000	0	11
211	0	1000	0	12
211	0	1000	0	13
211	0	1000	0	14
211	0	1000	0	15
211	0	1000	0	16
211	0	1000	0	17
211	0	1000	0	18
211	0	1000	0	19
211	0	1000	0	20
211	0	1000	0	21
211	0	1000	0	22
211	0	1000	0	23
211	0	1000	0	24
211	0	1000	0	25
211	0	1000	0	26
211	0	1000	0	27
211	0	1000	0	28
211	0	1000	77	29
211	0	1000	191	30
211	0	1000	0	31
# Event data block #63
# Threshold	DAC	Events	Triggered	CH#
212	0	1000	0	0
212	0	1000	0	1
212	0	1000	0	2
212	0	1000	0	3
212	0	1000	0	4
212	0	1000	0	5
212	0	1000	0	6
212	0	1000	0	7
212	0	1000	0	8
212	0	1000	0	9
212	0	1000	0	10
212	0	1000	0	11
212	0	1000	0	12
212	0	1000	0	13
212	0	1000	0	14
212	0	1000	0	15
212	0	1000	0	16
212	0	1000	0	17
212	0	1000	0	18
212	0	1000	0	19
212	0	1000	0	20
212	0	1000	0	21
212	0	1000	0	22
212	0	1000	0	23
212	0	1000	0	24
212	0	1000	0	25
212	0	1000	0	26
212	0	1000	0	27
212	0	1000	0	28
212	0	1000	825	29
212	0	1000	882	30
212	0	1000	0	31
# Event data block #64
# Threshold	DAC	Events	Triggered	CH#
213	0	1000	0	0
213	0	1000	0	1
213	0	1000	0	2
213	0	1000	0	3
213	0	1000	0	4
213	0	1000	0	5
213	0	1000	0	6
213	0	1000	0	7
213	0	1000	0	8
213	0	1000	0	9
213	0	1000	0	10
213	0	1000	0	11
213	0	1000	0	12
213	0	1000	1	13
213	0	1000	0	14
213	0	1000	0	15
213	0	1000	0	16
213	0	1000	0	17
213	0	1000	0	18
213	0	1000	0	19
213	0	1000	0	20
213	0	1000	0	21
213	0	1000	0	22
213	0	1000	0	23
213	0	1000	0	24
213	0	1000	0	25
213	0	1000	0	26
213	0	1000	0	27
213	0	1000	0	28
213	0	1000	998	29
213	0	1000	1000	30
213	0	1000	0	31
# Event data block #65
# Threshold	DAC	Events	Triggered	CH#
214	0	1000	0	0
214	0	1000	0	1
214	0	1000	0	2
214	0	1000	0	3
214	0	1000	0	4
214	0	1000	0	5
214	0	1000	0	6
214	0	1000	0	7
214	0	1000	0	8
214	0	1000	0	9
214	0	1000	0	10
214	0	1000	0	11
214	0	1000	0	12
214	0	1000	0	13
214	0	1000	0	14
214	0	1000	0	15
214	0	1000	0	16
214	0	1000	0	17
214	0	1000	0	18
214	0	1000	0	19
214	0	1000	0	20
214	0	1000	0	21
214	0	1000	0	22
214	0	1000	0	23
214	0	1000	0	24
214	0	1000	0	25
214	0	1000	0	26
214	0	1000	0	27
214	0	1000	0	28
214	0	1000	1000	29
214	0	1000	1000	30
214	0	1000	0	31
# Event data block #66
# Threshold	DAC	Events	Triggered	CH#
215	0	1000	0	0
215	0	1000	0	1
215	0	1000	0	2
215	0	1000	0	3
215	0	1000	0	4
215	0	1000	0	5
215	0	1000	0	6
215	0	1000	0	7
215	0	1000	0	8
215	0	1000	0	9
215	0	1000	0	10
215	0	1000	0	11
215	0	1000	0	12
215	0	1000	0	13
215	0	1000	0	14
215	0	1000	0	15
215	0	1000	0	16
215	0	1000	0	17
215	0	1000	0	18
215	0	1000	0	19
215	0	1000	0	20
215	0	1000	0	21
215	0	1000	0	22
215	0	1000	0	23
215	0	1000	0	24
215	0	1000	0	25
215	0	1000	0	26
215	0	1000	0	27
215	0	1000	0	28
215	0	1000	1000	29
215	0	1000	1000	30
215	0	1000	0	31
# Event data block #67
# Threshold	DAC	Events	Triggered	CH#
216	0	1000	0	0
216	0	1000	0	1
216	0	1000	0	2
216	0	1000	0	3
216	0	1000	0	4
216	0	1000	0	5
216	0	1000	22	6
216	0	1000	0	7
216	0	1000	0	8
216	0	1000	0	9
216	0	1000	2	10
216	0	1000	0	11
216	0	1000	2	12
216	0	1000	0	13
216	0	1000	0	14
216	0	1000	0	15
216	0	1000	0	16
216	0	1000	0	17
216	0	1000	0	18
216	0	1000	0	19
216	0	1000	0	20
216	0	1000	0	21
216	0	1000	5	22
216	0	1000	0	23
216	0	1000	0	24
216	0	1000	0	25
216	0	1000	0	26
216	0	1000	0	27
216	0	1000	0	28
216	0	1000	1000	29
216	0	1000	1000	30
216	0	1000	0	31
# Event data block #68
# Threshold	DAC	Events	Triggered	CH#
217	0	1000	0	0
217	0	1000	0	1
217	0	1000	0	2
217	0	1000	0	3
217	0	1000	0	4
217	0	1000	0	5
217	0	1000	218	6
217	0	1000	0	7
217	0	1000	0	8
217	0	1000	0	9
217	0	1000	28	10
217	0	1000	0	11
217	0	1000	158	12
217	0	1000	0	13
217	0	1000	0	14
217	0	1000	0	15
217	0	1000	0	16
217	0	1000	0	17
217	0	1000	0	18
217	0	1000	0	19
217	0	1000	0	20
217	0	1000	0	21
217	0	1000	157	22
217	0	1000	0	23
217	0	1000	0	24
217	0	1000	0	25
217	0	1000	0	26
217	0	1000	0	27
217	0	1000	0	28
217	0	1000	1000	29
217	0	1000	1000	30
217	0	1000	0	31
# Event data block #69
# Threshold	DAC	Events	Triggered	CH#
218	0	1000	0	0
218	0	1000	0	1
218	0	1000	0	2
218	0	1000	0	3
218	0	1000	26	4
218	0	1000	0	5
218	0	1000	747	6
218	0	1000	0	7
218	0	1000	0	8
218	0	1000	0	9
218	0	1000	423	10
218	0	1000	0	11
218	0	1000	795	12
218	0	1000	0	13
218	0	1000	3	14
218	0	1000	6	15
218	0	1000	9	16
218	0	1000	0	17
218	0	1000	0	18
218	0	1000	0	19
218	0	1000	0	20
218	0	1000	0	21
218	0	1000	660	22
218	0	1000	4	23
218	0	1000	0	24
218	0	1000	0	25
218	0	1000	0	26
218	0	1000	0	27
218	0	1000	0	28
218	0	1000	1000	29
218	0	1000	1000	30
218	0	1000	0	31
# Event data block #70
# Threshold	DAC	Events	Triggered	CH#
219	0	1000	1	0
219	0	1000	0	1
219	0	1000	0	2
219	0	1000	0	3
219	0	1000	481	4
219	0	1000	0	5
219	0	1000	986	6
219	0	1000	0	7
219	0	1000	0	8
219	0	1000	35	9
219	0	1000	903	10
219	0	1000	2	11
219	0	1000	989	12
219	0	1000	1	13
219	0	1000	96	14
219	0	1000	154	15
219	0	1000	226	16
219	0	1000	28	17
219	0	1000	0	18
219	0	1000	139	19
219	0	1000	0	20
219	0	1000	39	21
219	0	1000	947	22
219	0	1000	89	23
219	0	1000	0	24
219	0	1000	0	25
219	0	1000	21	26
219	0	1000	0	27
219	0	1000	0	28
219	0	1000	1000	29
219	0	1000	1000	30
219	0	1000	0	31
# Event data block #71
# Threshold	DAC	Events	Triggered	CH#
220	0	1000	28	0
220	0	1000	3	1
220	0	1000	0	2
220	0	1000	6	3
220	0	1000	951	4
220	0	1000	23	5
220	0	1000	999	6
220	0	1000	0	7
220	0	1000	0	8
220	0	1000	353	9
220	0	1000	997	10
220	0	1000	95	11
220	0	1000	1000	12
220	0	1000	69	13
220	0	1000	605	14
220	0	1000	671	15
220	0	1000	776	16
220	0	1000	407	17
220	0	1000	55	18
220	0	1000	666	19
220	0	1000	13	20
220	0	1000	430	21
220	0	1000	995	22
220	0	1000	508	23
220	0	1000	0	24
220	0	1000	3	25
220	0	1000	579	26
220	0	1000	6	27
220	0	1000	0	28
220	0	1000	1000	29
220	0	1000	1000	30
220	0	1000	0	31
# Event data block #72
# Threshold	DAC	Events	Triggered	CH#
221	0	1000	496	0
221	0	1000	251	1
221	0	1000	0	2
221	0	1000	290	3
221	0	1000	1000	4
221	0	1000	218	5
221	0	1000	1000	6
221	0	1000	0	7
221	0	1000	0	8
221	0	1000	838	9
221	0	1000	1000	10
221	0	1000	629	11
221	0	1000	1000	12
221	0	1000	593	13
221	0	1000	945	14
221	0	1000	974	15
221	0	1000	983	16
221	0	1000	915	17
221	0	1000	564	18
221	0	1000	975	19
221	0	1000	258	20
221	0	1000	867	21
221	0	1000	1000	22
221	0	1000	892	23
221	0	1000	0	24
221	0	1000	317	25
221	0	1000	991	26
221	0	1000	385	27
221	0	1000	0	28
221	0	1000	1000	29
221	0	1000	1000	30
221	0	1000	0	31
# Event data block #73
# Threshold	DAC	Events	Triggered	CH#
222	0	1000	967	0
222	0	1000	883	1
222	0	1000	93	2
222	0	1000	913	3
222	0	1000	1000	4
222	0	1000	677	5
222	0	1000	1000	6
222	0	1000	0	7
222	0	1000	5	8
222	0	1000	992	9
222	0	1000	1000	10
222	0	1000	960	11
222	0	1000	1000	12
222	0	1000	962	13
222	0	1000	999	14
222	0	1000	997	15
222	0	1000	997	16
222	0	1000	997	17
222	0	1000	939	18
222	0	1000	999	19
222	0	1000	763	20
222	0	1000	988	21
222	0	1000	1000	22
222	0	1000	991	23
222	0	1000	0	24
222	0	1000	951	25
222	0	1000	1000	26
222	0	1000	969	27
222	0	1000	0	28
222	0	1000	1000	29
222	0	1000	1000	30
222	0	1000	0	31
# Event data block #74
# Threshold	DAC	Events	Triggered	CH#
223	0	1000	1000	0
223	0	1000	1000	1
223	0	1000	714	2
223	0	1000	999	3
223	0	1000	1000	4
223	0	1000	966	5
223	0	1000	1000	6
223	0	1000	62	7
223	0	1000	138	8
223	0	1000	1000	9
223	0	1000	1000	10
223	0	1000	1000	11
223	0	1000	1000	12
223	0	1000	999	13
223	0	1000	1000	14
223	0	1000	1000	15
223	0	1000	1000	16
223	0	1000	1000	17
223	0	1000	999	18
223	0	1000	1000	19
223	0	1000	983	20
223	0	1000	999	21
223	0	1000	1000	22
223	0	1000	1000	23
223	0	1000	0	24
223	0	1000	1000	25
223	0	1000	1000	26
223	0	1000	1000	27
223	0	1000	313	28
223	0	1000	1000	29
223	0	1000	1000	30
223	0	1000	0	31
# Event data block #75
# Threshold	DAC	Events	Triggered	CH#
224	0	1000	1000	0
224	0	1000	1000	1
224	0	1000	999	2
224	0	1000	1000	3
224	0	1000	1000	4
224	0	1000	999	5
224	0	1000	1000	6
224	0	1000	717	7
224	0	1000	647	8
224	0	1000	1000	9
224	0	1000	1000	10
224	0	1000	1000	11
224	0	1000	1000	12
224	0	1000	1000	13
224	0	1000	1000	14
224	0	1000	1000	15
224	0	1000	1000	16
224	0	1000	1000	17
224	0	1000	1000	18
224	0	1000	1000	19
224	0	1000	1000	20
224	0	1000	1000	21
224	0	1000	1000	22
224	0	1000	1000	23
224	0	1000	31	24
224	0	1000	1000	25
224	0	1000	1000	26
224	0	1000	1000	27
224	0	1000	975	28
224	0	1000	1000	29
224	0	1000	1000	30
224	0	1000	0	31
# Event data block #76
# Threshold	DAC	Events	Triggered	CH#
225	0	1000	1000	0
225	0	1000	1000	1
225	0	1000	1000	2
225	0	1000	1000	3
225	0	1000	1000	4
225	0	1000	1000	5
225	0	1000	1000	6
225	0	1000	987	7
225	0	1000	970	8
225	0	1000	1000	9
225	0	1000	1000	10
225	0	1000	1000	11
225	0	1000	1000	12
225	0	1000	1000	13
225	0	1000	1000	14
225	0	1000	1000	15
225	0	1000	1000	16
225	0	1000	1000	17
225	0	1000	1000	18
225	0	1000	1000	19
225	0	1000	1000	20
225	0	1000	1000	21
225	0	1000	999	22
225	0	1000	1000	23
225	0	1000	554	24
225	0	1000	1000	25
225	0	1000	1000	26
225	0	1000	1000	27
225	0	1000	1000	28
225	0	1000	1000	29
225	0	1000	1000	30
225	0	1000	0	31
# Event data block #77
# Threshold	DAC	Events	Triggered	CH#
226	0	1000	1000	0
226	0	1000	1000	1
226	0	1000	1000	2
226	0	1000	1000	3
226	0	1000	1000	4
226	0	1000	1000	5
226	0	1000	1000	6
226	0	1000	1000	7
226	0	1000	998	8
226	0	1000	1000	9
226	0	1000	1000	10
226	0	1000	1000	11
226	0	1000	1000	12
226	0	1000	1000	13
226	0	1000	1000	14
226	0	1000	1000	15
226	0	1000	1000	16
226	0	1000	1000	17
226	0	1000	1000	18
226	0	1000	1000	19
226	0	1000	1000	20
226	0	1000	1000	21
226	0	1000	1000	22
226	0	1000	1000	23
226	0	1000	982	24
226	0	1000	1000	25
226	0	1000	1000	26
226	0	1000	1000	27
226	0	1000	1000	28
226	0	1000	1000	29
226	0	1000	1000	30
226	0	1000	0	31
# Event data block #78
# Threshold	DAC	Events	Triggered	CH#
227	0	1000	1000	0
227	0	1000	1000	1
227	0	1000	1000	2
227	0	1000	1000	3
227	0	1000	1000	4
227	0	1000	1000	5
227	0	1000	1000	6
227	0	1000	1000	7
227	0	1000	1000	8
227	0	1000	1000	9
227	0	1000	1000	10
227	0	1000	1000	11
227	0	1000	1000	12
227	0	1000	1000	13
227	0	1000	1000	14
227	0	1000	1000	15
227	0	1000	1000	16
227	0	1000	1000	17
227	0	1000	1000	18
227	0	1000	1000	19
227	0	1000	1000	20
227	0	1000	1000	21
227	0	1000	1000	22
227	0	1000	1000	23
227	0	1000	1000	24
227	0	1000	1000	25
227	0	1000	1000	26
227	0	1000	1000	27
227	0	1000	1000	28
227	0	1000	1000	29
227	0	1000	1000	30
227	0	1000	1	31
# Event data block #79
# Threshold	DAC	Events	Triggered	CH#
228	0	1000	1000	0
228	0	1000	1000	1
228	0	1000	1000	2
228	0	1000	1000	3
228	0	1000	1000	4
228	0	1000	1000	5
228	0	1000	1000	6
228	0	1000	1000	7
228	0	1000	1000	8
228	0	1000	1000	9
228	0	1000	1000	10
228	0	1000	1000	11
228	0	1000	1000	12
228	0	1000	1000	13
228	0	1000	1000	14
228	0	1000	1000	15
228	0	1000	1000	16
228	0	1000	1000	17
228	0	1000	1000	18
228	0	1000	1000	19
228	0	1000	1000	20
228	0	1000	1000	21
228	0	1000	1000	22
228	0	1000	1000	23
228	0	1000	1000	24
228	0	1000	1000	25
228	0	1000	1000	26
228	0	1000	1000	27
228	0	1000	1000	28
228	0	1000	1000	29
228	0	1000	1000	30
228	0	1000	159	31
# Event data block #80
# Threshold	DAC	Events	Triggered	CH#
229	0	1000	1000	0
229	0	1000	1000	1
229	0	1000	1000	2
229	0	1000	1000	3
229	0	1000	1000	4
229	0	1000	1000	5
229	0	1000	1000	6
229	0	1000	1000	7
229	0	1000	1000	8
229	0	1000	1000	9
229	0	1000	1000	10
229	0	1000	1000	11
229	0	1000	1000	12
229	0	1000	1000	13
229	0	1000	1000	14
229	0	1000	1000	15
229	0	1000	1000	16
229	0	1000	1000	17
229	0	1000	1000	18
229	0	1000	1000	19
229	0	1000	1000	20
229	0	1000	1000	21
229	0	1000	1000	22
229	0	1000	1000	23
229	0	1000	1000	24
229	0	1000	1000	25
229	0	1000	1000	26
229	0	1000	1000	27
229	0	1000	1000	28
229	0	1000	1000	29
229	0	1000	1000	30
229	0	1000	869	31
# Event data block #81
# Threshold	DAC	Events	Triggered	CH#
230	0	1000	1000	0
230	0	1000	1000	1
230	0	1000	1000	2
230	0	1000	1000	3
230	0	1000	1000	4
230	0	1000	1000	5
230	0	1000	1000	6
230	0	1000	1000	7
230	0	1000	1000	8
230	0	1000	1000	9
230	0	1000	1000	10
230	0	1000	1000	11
230	0	1000	1000	12
230	0	1000	1000	13
230	0	1000	1000	14
230	0	1000	1000	15
230	0	1000	1000	16
230	0	1000	1000	17
230	0	1000	1000	18
230	0	1000	1000	19
230	0	1000	1000	20
230	0	1000	1000	21
230	0	1000	1000	22
230	0	1000	1000	23
230	0	1000	1000	24
230	0	1000	1000	25
230	0	1000	1000	26
230	0	1000	1000	27
230	0	1000	1000	28
230	0	1000	1000	29
230	0	1000	1000	30
230	0	1000	1000	31
# Event data block #82
# Threshold	DAC	Events	Triggered	CH#
231	0	1000	1000	0
231	0	1000	1000	1
231	0	1000	1000	2
231	0	1000	1000	3
231	0	1000	1000	4
231	0	1000	1000	5
231	0	1000	1000	6
231	0	1000	1000	7
231	0	1000	1000	8
231	0	1000	1000	9
231	0	1000	1000	10
231	0	1000	1000	11
231	0	1000	1000	12
231	0	1000	1000	13
231	0	1000	1000	14
231	0	1000	1000	15
231	0	1000	1000	16
231	0	1000	1000	17
231	0	1000	1000	18
231	0	1000	1000	19
231	0	1000	1000	20
231	0	1000	1000	21
231	0	1000	1000	22
231	0	1000	1000	23
231	0	1000	1000	24
231	0	1000	1000	25
231	0	1000	1000	26
231	0	1000	1000	27
231	0	1000	1000	28
231	0	1000	1000	29
231	0	1000	1000	30
231	0	1000	999	31
# Event data block #83
# Threshold	DAC	Events	Triggered	CH#
232	0	1000	1000	0
232	0	1000	1000	1
232	0	1000	1000	2
232	0	1000	1000	3
232	0	1000	1000	4
232	0	1000	1000	5
232	0	1000	1000	6
232	0	1000	1000	7
232	0	1000	1000	8
232	0	1000	1000	9
232	0	1000	1000	10
232	0	1000	1000	11
232	0	1000	1000	12
232	0	1000	1000	13
232	0	1000	1000	14
232	0	1000	1000	15
232	0	1000	1000	16
232	0	1000	1000	17
232	0	1000	1000	18
232	0	1000	1000	19
232	0	1000	1000	20
232	0	1000	1000	21
232	0	1000	1000	22
232	0	1000	1000	23
232	0	1000	1000	24
232	0	1000	1000	25
232	0	1000	1000	26
232	0	1000	1000	27
232	0	1000	1000	28
232	0	1000	1000	29
232	0	1000	1000	30
232	0	1000	1000	31
# Event data block #84
# Threshold	DAC	Events	Triggered	CH#
233	0	1000	1000	0
233	0	1000	1000	1
233	0	1000	1000	2
233	0	1000	1000	3
233	0	1000	1000	4
233	0	1000	1000	5
233	0	1000	1000	6
233	0	1000	1000	7
233	0	1000	1000	8
233	0	1000	1000	9
233	0	1000	1000	10
233	0	1000	1000	11
233	0	1000	1000	12
233	0	1000	1000	13
233	0	1000	1000	14
233	0	1000	1000	15
233	0	1000	1000	16
233	0	1000	1000	17
233	0	1000	1000	18
233	0	1000	1000	19
233	0	1000	1000	20
233	0	1000	1000	21
233	0	1000	1000	22
233	0	1000	1000	23
233	0	1000	1000	24
233	0	1000	1000	25
233	0	1000	1000	26
233	0	1000	1000	27
233	0	1000	1000	28
233	0	1000	1000	29
233	0	1000	1000	30
233	0	1000	1000	31
# Event data block #85
# Threshold	DAC	Events	Triggered	CH#
234	0	1000	1000	0
234	0	1000	1000	1
234	0	1000	1000	2
234	0	1000	1000	3
234	0	1000	1000	4
234	0	1000	1000	5
234	0	1000	1000	6
234	0	1000	1000	7
234	0	1000	1000	8
234	0	1000	1000	9
234	0	1000	1000	10
234	0	1000	1000	11
234	0	1000	1000	12
234	0	1000	1000	13
234	0	1000	1000	14
234	0	1000	1000	15
234	0	1000	1000	16
234	0	1000	1000	17
234	0	1000	1000	18
234	0	1000	1000	19
234	0	1000	1000	20
234	0	1000	1000	21
234	0	1000	1000	22
234	0	1000	1000	23
234	0	1000	1000	24
234	0	1000	1000	25
234	0	1000	1000	26
234	0	1000	1000	27
234	0	1000	1000	28
234	0	1000	1000	29
234	0	1000	1000	30
234	0	1000	1000	31
# Event data block #86
# Threshold	DAC	Events	Triggered	CH#
235	0	1000	1000	0
235	0	1000	1000	1
235	0	1000	1000	2
235	0	1000	1000	3
235	0	1000	1000	4
235	0	1000	1000	5
235	0	1000	1000	6
235	0	1000	1000	7
235	0	1000	1000	8
235	0	1000	1000	9
235	0	1000	1000	10
235	0	1000	1000	11
235	0	1000	1000	12
235	0	1000	1000	13
235	0	1000	1000	14
235	0	1000	1000	15
235	0	1000	1000	16
235	0	1000	1000	17
235	0	1000	1000	18
235	0	1000	1000	19
235	0	1000	1000	20
235	0	1000	1000	21
235	0	1000	1000	22
235	0	1000	1000	23
235	0	1000	1000	24
235	0	1000	1000	25
235	0	1000	1000	26
235	0	1000	1000	27
235	0	1000	1000	28
235	0	1000	1000	29
235	0	1000	1000	30
235	0	1000	1000	31
# Event data block #87
# Threshold	DAC	Events	Triggered	CH#
236	0	1000	1000	0
236	0	1000	1000	1
236	0	1000	1000	2
236	0	1000	1000	3
236	0	1000	1000	4
236	0	1000	1000	5
236	0	1000	1000	6
236	0	1000	1000	7
236	0	1000	1000	8
236	0	1000	1000	9
236	0	1000	1000	10
236	0	1000	1000	11
236	0	1000	1000	12
236	0	1000	1000	13
236	0	1000	1000	14
236	0	1000	1000	15
236	0	1000	1000	16
236	0	1000	1000	17
236	0	1000	1000	18
236	0	1000	1000	19
236	0	1000	1000	20
236	0	1000	1000	21
236	0	1000	1000	22
236	0	1000	1000	23
236	0	1000	1000	24
236	0	1000	1000	25
236	0	1000	1000	26
236	0	1000	1000	27
236	0	1000	1000	28
236	0	1000	1000	29
236	0	1000	1000	30
236	0	1000	1000	31
# Event data block #88
# Threshold	DAC	Events	Triggered	CH#
237	0	1000	1000	0
237	0	1000	1000	1
237	0	1000	1000	2
237	0	1000	1000	3
237	0	1000	1000	4
237	0	1000	1000	5
237	0	1000	1000	6
237	0	1000	1000	7
237	0	1000	1000	8
237	0	1000	1000	9
237	0	1000	1000	10
237	0	1000	1000	11
237	0	1000	1000	12
237	0	1000	1000	13
237	0	1000	1000	14
237	0	1000	1000	15
237	0	1000	1000	16
237	0	1000	1000	17
237	0	1000	1000	18
237	0	1000	1000	19
237	0	1000	1000	20
237	0	1000	1000	21
237	0	1000	1000	22
237	0	1000	1000	23
237	0	1000	1000	24
237	0	1000	1000	25
237	0	1000	1000	26
237	0	1000	1000	27
237	0	1000	1000	28
237	0	1000	1000	29
237	0	1000	1000	30
237	0	1000	1000	31
# Event data block #89
# Threshold	DAC	Events	Triggered	CH#
238	0	1000	1000	0
238	0	1000	1000	1
238	0	1000	1000	2
238	0	1000	1000	3
238	0	1000	1000	4
238	0	1000	1000	5
238	0	1000	1000	6
238	0	1000	1000	7
238	0	1000	1000	8
238	0	1000	1000	9
238	0	1000	1000	10
238	0	1000	1000	11
238	0	1000	1000	12
238	0	1000	1000	13
238	0	1000	1000	14
238	0	1000	1000	15
238	0	1000	1000	16
238	0	1000	1000	17
238	0	1000	1000	18
238	0	1000	1000	19
238	0	1000	1000	20
238	0	1000	1000	21
238	0	1000	1000	22
238	0	1000	1000	23
238	0	1000	1000	24
238	0	1000	1000	25
238	0	1000	1000	26
238	0	1000	1000	27
238	0	1000	1000	28
238	0	1000	1000	29
238	0	1000	1000	30
238	0	1000	1000	31
# Event data block #90
# Threshold	DAC	Events	Triggered	CH#
239	0	1000	1000	0
239	0	1000	1000	1
239	0	1000	1000	2
239	0	1000	1000	3
239	0	1000	1000	4
239	0	1000	1000	5
239	0	1000	1000	6
239	0	1000	1000	7
239	0	1000	1000	8
239	0	1000	1000	9
239	0	1000	1000	10
239	0	1000	1000	11
239	0	1000	1000	12
239	0	1000	1000	13
239	0	1000	1000	14
239	0	1000	1000	15
239	0	1000	1000	16
239	0	1000	1000	17
239	0	1000	1000	18
239	0	1000	1000	19
239	0	1000	1000	20
239	0	1000	1000	21
239	0	1000	1000	22
239	0	1000	1000	23
239	0	1000	1000	24
239	0	1000	1000	25
239	0	1000	1000	26
239	0	1000	1000	27
239	0	1000	1000	28
239	0	1000	1000	29
239	0	1000	1000	30
239	0	1000	1000	31
# Event data block #91
# Threshold	DAC	Events	Triggered	CH#
240	0	1000	1000	0
240	0	1000	1000	1
240	0	1000	1000	2
240	0	1000	1000	3
240	0	1000	1000	4
240	0	1000	1000	5
240	0	1000	1000	6
240	0	1000	1000	7
240	0	1000	1000	8
240	0	1000	1000	9
240	0	1000	1000	10
240	0	1000	1000	11
240	0	1000	1000	12
240	0	1000	1000	13
240	0	1000	1000	14
240	0	1000	1000	15
240	0	1000	1000	16
240	0	1000	1000	17
240	0	1000	1000	18
240	0	1000	1000	19
240	0	1000	1000	20
240	0	1000	1000	21
240	0	1000	1000	22
240	0	1000	1000	23
240	0	1000	1000	24
240	0	1000	1000	25
240	0	1000	1000	26
240	0	1000	1000	27
240	0	1000	1000	28
240	0	1000	1000	29
240	0	1000	1000	30
240	0	1000	1000	31
# Event data block #92
# Threshold	DAC	Events	Triggered	CH#
241	0	1000	1000	0
241	0	1000	1000	1
241	0	1000	1000	2
241	0	1000	1000	3
241	0	1000	1000	4
241	0	1000	1000	5
241	0	1000	1000	6
241	0	1000	1000	7
241	0	1000	1000	8
241	0	1000	1000	9
241	0	1000	1000	10
241	0	1000	1000	11
241	0	1000	1000	12
241	0	1000	1000	13
241	0	1000	1000	14
241	0	1000	1000	15
241	0	1000	1000	16
241	0	1000	1000	17
241	0	1000	1000	18
241	0	1000	1000	19
241	0	1000	1000	20
241	0	1000	1000	21
241	0	1000	1000	22
241	0	1000	1000	23
241	0	1000	1000	24
241	0	1000	1000	25
241	0	1000	1000	26
241	0	1000	1000	27
241	0	1000	1000	28
241	0	1000	1000	29
241	0	1000	1000	30
241	0	1000	1000	31
# Event data block #93
# Threshold	DAC	Events	Triggered	CH#
242	0	1000	1000	0
242	0	1000	1000	1
242	0	1000	1000	2
242	0	1000	1000	3
242	0	1000	1000	4
242	0	1000	1000	5
242	0	1000	1000	6
242	0	1000	1000	7
242	0	1000	1000	8
242	0	1000	1000	9
242	0	1000	1000	10
242	0	1000	1000	11
242	0	1000	1000	12
242	0	1000	1000	13
242	0	1000	1000	14
242	0	1000	1000	15
242	0	1000	1000	16
242	0	1000	1000	17
242	0	1000	1000	18
242	0	1000	1000	19
242	0	1000	1000	20
242	0	1000	1000	21
242	0	1000	1000	22
242	0	1000	1000	23
242	0	1000	1000	24
242	0	1000	1000	25
242	0	1000	1000	26
242	0	1000	1000	27
242	0	1000	1000	28
242	0	1000	1000	29
242	0	1000	1000	30
242	0	1000	1000	31
# Event data block #94
# Threshold	DAC	Events	Triggered	CH#
243	0	1000	1000	0
243	0	1000	1000	1
243	0	1000	1000	2
243	0	1000	1000	3
243	0	1000	1000	4
243	0	1000	1000	5
243	0	1000	1000	6
243	0	1000	1000	7
243	0	1000	1000	8
243	0	1000	1000	9
243	0	1000	1000	10
243	0	1000	1000	11
243	0	1000	1000	12
243	0	1000	1000	13
243	0	1000	1000	14
243	0	1000	1000	15
243	0	1000	1000	16
243	0	1000	1000	17
243	0	1000	1000	18
243	0	1000	1000	19
243	0	1000	1000	20
243	0	1000	1000	21
243	0	1000	1000	22
243	0	1000	1000	23
243	0	1000	1000	24
243	0	1000	1000	25
243	0	1000	1000	26
243	0	1000	1000	27
243	0	1000	1000	28
243	0	1000	1000	29
243	0	1000	1000	30
243	0	1000	1000	31
# Event data block #95
# Threshold	DAC	Events	Triggered	CH#
244	0	1000	1000	0
244	0	1000	1000	1
244	0	1000	1000	2
244	0	1000	1000	3
244	0	1000	1000	4
244	0	1000	1000	5
244	0	1000	1000	6
244	0	1000	1000	7
244	0	1000	1000	8
244	0	1000	1000	9
244	0	1000	1000	10
244	0	1000	1000	11
244	0	1000	1000	12
244	0	1000	1000	13
244	0	1000	1000	14
244	0	1000	1000	15
244	0	1000	1000	16
244	0	1000	1000	17
244	0	1000	1000	18
244	0	1000	1000	19
244	0	1000	1000	20
244	0	1000	1000	21
244	0	1000	1000	22
244	0	1000	1000	23
244	0	1000	1000	24
244	0	1000	1000	25
244	0	1000	1000	26
244	0	1000	1000	27
244	0	1000	1000	28
244	0	1000	1000	29
244	0	1000	1000	30
244	0	1000	1000	31
# Event data block #96
# Threshold	DAC	Events	Triggered	CH#
245	0	1000	1000	0
245	0	1000	1000	1
245	0	1000	1000	2
245	0	1000	1000	3
245	0	1000	1000	4
245	0	1000	1000	5
245	0	1000	1000	6
245	0	1000	1000	7
245	0	1000	1000	8
245	0	1000	1000	9
245	0	1000	1000	10
245	0	1000	1000	11
245	0	1000	1000	12
245	0	1000	1000	13
245	0	1000	1000	14
245	0	1000	1000	15
245	0	1000	1000	16
245	0	1000	1000	17
245	0	1000	1000	18
245	0	1000	1000	19
245	0	1000	1000	20
245	0	1000	1000	21
245	0	1000	1000	22
245	0	1000	1000	23
245	0	1000	1000	24
245	0	1000	1000	25
245	0	1000	1000	26
245	0	1000	1000	27
245	0	1000	1000	28
245	0	1000	1000	29
245	0	1000	1000	30
245	0	1000	1000	31
# Event data block #97
# Threshold	DAC	Events	Triggered	CH#
246	0	1000	1000	0
246	0	1000	1000	1
246	0	1000	1000	2
246	0	1000	1000	3
246	0	1000	1000	4
246	0	1000	1000	5
246	0	1000	1000	6
246	0	1000	1000	7
246	0	1000	1000	8
246	0	1000	1000	9
246	0	1000	1000	10
246	0	1000	1000	11
246	0	1000	1000	12
246	0	1000	1000	13
246	0	1000	1000	14
246	0	1000	1000	15
246	0	1000	1000	16
246	0	1000	1000	17
246	0	1000	1000	18
246	0	1000	1000	19
246	0	1000	1000	20
246	0	1000	1000	21
246	0	1000	1000	22
246	0	1000	1000	23
246	0	1000	1000	24
246	0	1000	1000	25
246	0	1000	1000	26
246	0	1000	1000	27
246	0	1000	1000	28
246	0	1000	1000	29
246	0	1000	1000	30
246	0	1000	1000	31
# Event data block #98
# Threshold	DAC	Events	Triggered	CH#
247	0	1000	1000	0
247	0	1000	1000	1
247	0	1000	1000	2
247	0	1000	1000	3
247	0	1000	1000	4
247	0	1000	1000	5
247	0	1000	1000	6
247	0	1000	1000	7
247	0	1000	1000	8
247	0	1000	1000	9
247	0	1000	1000	10
247	0	1000	1000	11
247	0	1000	1000	12
247	0	1000	1000	13
247	0	1000	1000	14
247	0	1000	1000	15
247	0	1000	1000	16
247	0	1000	1000	17
247	0	1000	1000	18
247	0	1000	1000	19
247	0	1000	1000	20
247	0	1000	1000	21
247	0	1000	1000	22
247	0	1000	1000	23
247	0	1000	1000	24
247	0	1000	1000	25
247	0	1000	1000	26
247	0	1000	1000	27
247	0	1000	1000	28
247	0	1000	1000	29
247	0	1000	1000	30
247	0	1000	1000	31
# Event data block #99
# Threshold	DAC	Events	Triggered	CH#
248	0	1000	1000	0
248	0	1000	1000	1
248	0	1000	1000	2
248	0	1000	1000	3
248	0	1000	1000	4
248	0	1000	1000	5
248	0	1000	1000	6
248	0	1000	1000	7
248	0	1000	1000	8
248	0	1000	1000	9
248	0	1000	1000	10
248	0	1000	1000	11
248	0	1000	1000	12
248	0	1000	1000	13
248	0	1000	1000	14
248	0	1000	1000	15
248	0	1000	1000	16
248	0	1000	1000	17
248	0	1000	1000	18
248	0	1000	1000	19
248	0	1000	1000	20
248	0	1000	1000	21
248	0	1000	1000	22
248	0	1000	1000	23
248	0	1000	1000	24
248	0	1000	1000	25
248	0	1000	1000	26
248	0	1000	1000	27
248	0	1000	1000	28
248	0	1000	1000	29
248	0	1000	1000	30
248	0	1000	1000	31
# Event data block #100
# Threshold	DAC	Events	Triggered	CH#
249	0	1000	1000	0
249	0	1000	1000	1
249	0	1000	1000	2
249	0	1000	1000	3
249	0	1000	1000	4
249	0	1000	1000	5
249	0	1000	1000	6
249	0	1000	1000	7
249	0	1000	1000	8
249	0	1000	1000	9
249	0	1000	1000	10
249	0	1000	1000	11
249	0	1000	1000	12
249	0	1000	1000	13
249	0	1000	1000	14
249	0	1000	1000	15
249	0	1000	1000	16
249	0	1000	1000	17
249	0	1000	1000	18
249	0	1000	1000	19
249	0	1000	1000	20
249	0	1000	1000	21
249	0	1000	1000	22
249	0	1000	1000	23
249	0	1000	1000	24
249	0	1000	1000	25
249	0	1000	1000	26
249	0	1000	1000	27
249	0	1000	1000	28
249	0	1000	1000	29
249	0	1000	1000	30
249	0	1000	1000	31
# Event data block #101
# Threshold	DAC	Events	Triggered	CH#
250	0	1000	1000	0
250	0	1000	1000	1
250	0	1000	1000	2
250	0	1000	1000	3
250	0	1000	1000	4
250	0	1000	1000	5
250	0	1000	1000	6
250	0	1000	1000	7
250	0	1000	1000	8
250	0	1000	1000	9
250	0	1000	1000	10
250	0	1000	1000	11
250	0	1000	1000	12
250	0	1000	1000	13
250	0	1000	1000	14
250	0	1000	1000	15
250	0	1000	1000	16
250	0	1000	1000	17
250	0	1000	1000	18
250	0	1000	1000	19
250	0	1000	1000	20
250	0	1000	1000	21
250	0	1000	1000	22
250	0	1000	1000	23
250	0	1000	1000	24
250	0	1000	1000	25
250	0	1000	1000	26
250	0	1000	1000	27
250	0	1000	1000	28
250	0	1000	1000	29
250	0	1000	1000	30
250	0	1000	1000	31
# Event data block #102
# Threshold	DAC	Events	Triggered	CH#
251	0	1000	1000	0
251	0	1000	1000	1
251	0	1000	1000	2
251	0	1000	1000	3
251	0	1000	1000	4
251	0	1000	1000	5
251	0	1000	1000	6
251	0	1000	1000	7
251	0	1000	1000	8
251	0	1000	1000	9
251	0	1000	1000	10
251	0	1000	1000	11
251	0	1000	1000	12
251	0	1000	1000	13
251	0	1000	1000	14
251	0	1000	1000	15
251	0	1000	1000	16
251	0	1000	1000	17
251	0	1000	1000	18
251	0	1000	1000	19
251	0	1000	1000	20
251	0	1000	1000	21
251	0	1000	1000	22
251	0	1000	1000	23
251	0	1000	1000	24
251	0	1000	1000	25
251	0	1000	1000	26
251	0	1000	1000	27
251	0	1000	1000	28
251	0	1000	1000	29
251	0	1000	1000	30
251	0	1000	1000	31
# Event data block #103
# Threshold	DAC	Events	Triggered	CH#
252	0	1000	1000	0
252	0	1000	1000	1
252	0	1000	1000	2
252	0	1000	1000	3
252	0	1000	1000	4
252	0	1000	1000	5
252	0	1000	1000	6
252	0	1000	1000	7
252	0	1000	1000	8
252	0	1000	1000	9
252	0	1000	1000	10
252	0	1000	1000	11
252	0	1000	1000	12
252	0	1000	1000	13
252	0	1000	1000	14
252	0	1000	1000	15
252	0	1000	1000	16
252	0	1000	1000	17
252	0	1000	1000	18
252	0	1000	1000	19
252	0	1000	1000	20
252	0	1000	1000	21
252	0	1000	1000	22
252	0	1000	1000	23
252	0	1000	1000	24
252	0	1000	1000	25
252	0	1000	1000	26
252	0	1000	1000	27
252	0	1000	1000	28
252	0	1000	1000	29
252	0	1000	1000	30
252	0	1000	1000	31
# Event data block #104
# Threshold	DAC	Events	Triggered	CH#
253	0	1000	1000	0
253	0	1000	1000	1
253	0	1000	1000	2
253	0	1000	1000	3
253	0	1000	1000	4
253	0	1000	1000	5
253	0	1000	1000	6
253	0	1000	1000	7
253	0	1000	1000	8
253	0	1000	1000	9
253	0	1000	1000	10
253	0	1000	1000	11
253	0	1000	1000	12
253	0	1000	1000	13
253	0	1000	1000	14
253	0	1000	1000	15
253	0	1000	1000	16
253	0	1000	1000	17
253	0	1000	1000	18
253	0	1000	1000	19
253	0	1000	1000	20
253	0	1000	1000	21
253	0	1000	1000	22
253	0	1000	1000	23
253	0	1000	1000	24
253	0	1000	1000	25
253	0	1000	1000	26
253	0	1000	1000	27
253	0	1000	1000	28
253	0	1000	1000	29
253	0	1000	1000	30
253	0	1000	1000	31
# Event data block #105
# Threshold	DAC	Events	Triggered	CH#
254	0	1000	1000	0
254	0	1000	1000	1
254	0	1000	1000	2
254	0	1000	1000	3
254	0	1000	1000	4
254	0	1000	1000	5
254	0	1000	1000	6
254	0	1000	1000	7
254	0	1000	1000	8
254	0	1000	1000	9
254	0	1000	1000	10
254	0	1000	1000	11
254	0	1000	1000	12
254	0	1000	1000	13
254	0	1000	1000	14
254	0	1000	1000	15
254	0	1000	1000	16
254	0	1000	1000	17
254	0	1000	1000	18
254	0	1000	1000	19
254	0	1000	1000	20
254	0	1000	1000	21
254	0	1000	1000	22
254	0	1000	1000	23
254	0	1000	1000	24
254	0	1000	1000	25
254	0	1000	1000	26
254	0	1000	1000	27
254	0	1000	1000	28
254	0	1000	1000	29
254	0	1000	1000	30
254	0	1000	1000	31
# Event data block #106
# Threshold	DAC	Events	Triggered	CH#
255	0	1000	1000	0
255	0	1000	1000	1
255	0	1000	1000	2
255	0	1000	1000	3
255	0	1000	1000	4
255	0	1000	1000	5
255	0	1000	1000	6
255	0	1000	1000	7
255	0	1000	1000	8
255	0	1000	1000	9
255	0	1000	1000	10
255	0	1000	1000	11
255	0	1000	1000	12
255	0	1000	1000	13
255	0	1000	1000	14
255	0	1000	1000	15
255	0	1000	1000	16
255	0	1000	1000	17
255	0	1000	1000	18
255	0	1000	1000	19
255	0	1000	1000	20
255	0	1000	1000	21
255	0	1000	1000	22
255	0	1000	1000	23
255	0	1000	1000	24
255	0	1000	1000	25
255	0	1000	1000	26
255	0	1000	1000	27
255	0	1000	1000	28
255	0	1000	1000	29
255	0	1000	1000	30
255	0	1000	1000	31
