   -14.201313	0.000000
   -13.360313	0.000000
   -12.519313	0.000000
   -11.678313	0.000000
   -10.837313	0.000000
   -9.996313	0.000000
   -9.155313	0.000000
   -8.314313	0.000000
   -7.473313	0.000000
   -6.632313	0.000000
   -5.791313	0.000000
   -4.950313	0.000000
   -4.109313	0.000000
   -3.268313	0.000000
   -2.427313	0.000000
   -1.586313	0.000000
   -0.745313	0.000000
   0.095687	0.000000
   0.936687	0.000000
   1.777687	0.000000
   2.618687	0.000000
   3.459687	0.000000
   4.300687	0.000000
   5.141687	0.000000
   5.982687	0.000000
   6.823687	0.000000
   7.664687	0.000000
   8.505687	0.000000
   9.346687	0.000000
   10.187687	0.000000
   11.028687	0.000000
   11.869687	0.000000
   12.710687	0.000000
   13.551687	0.000000
   14.392687	0.000000
   15.233687	0.000000
   16.074687	0.000000
   16.915687	0.000000
   17.756687	0.000000
   18.597687	0.000000
   19.438687	0.000000
   20.279687	0.000000
   21.120687	0.000000
   21.961687	0.000000
   22.802687	0.000000
   23.643687	0.000000
   24.484687	0.000000
   25.325687	0.000000
   26.166687	0.000000
   27.007687	0.000000
   27.848687	0.000000
   28.689687	0.000000
   29.530687	0.000000
   30.371687	0.000000
   31.212687	0.000000
   32.053687	0.000000
   32.894687	0.000000
   33.735687	0.000000
   34.576687	0.000000
   35.417687	0.000000
   36.258687	0.000000
   37.099687	0.000000
   37.940687	0.000000
   38.781687	0.000000
   39.622687	0.000000
   40.463687	0.000000
   41.304687	0.000000
   42.145687	0.000000
   42.986687	0.000000
   43.827687	0.000000
   44.668687	0.000000
   45.509687	0.000000
   46.350687	0.000000
   47.191687	0.000000
   48.032687	0.000000
   48.873687	0.000000
   49.714687	0.000000
   50.555687	0.000000
   51.396687	0.000000
   52.237687	0.000000
   53.078687	0.000000
   53.919687	0.000000
   54.760687	0.000000
   55.601687	0.000000
   56.442687	0.000000
   57.283687	0.000000
   58.124687	0.000000
   58.965687	0.000000
   59.806687	0.000000
   60.647687	0.000000
   61.488687	0.000000
   62.329687	0.000000
   63.170687	0.000000
   64.011687	0.100000
   64.852687	0.000000
   65.693687	0.000000
   66.534687	0.000000
   67.375687	0.000000
   68.216687	0.000000
   69.057687	0.000000
   69.898687	0.000000
   70.739687	0.000000
   71.580687	0.000000
   72.421687	0.000000
   73.262687	0.000000
   74.103687	0.000000
   74.944687	0.000000
   75.785687	0.000000
   76.626687	0.000000
   77.467687	0.000000
   78.308687	0.000000
   79.149687	0.000000
   79.990687	0.000000
   80.831687	0.000000
   81.672687	0.000000
   82.513687	0.000000
   83.354687	0.000000
   84.195687	0.000000
   85.036687	0.000000
   85.877687	0.000000
   86.718687	0.000000
   87.559687	0.000000
   88.400687	0.000000
   89.241687	0.000000
   90.082687	0.100000
   90.923687	0.100000
   91.764687	0.200000
   92.605687	0.700000
   93.446687	0.600000
   94.287687	0.900000
   95.128687	2.300000
   95.969687	4.000000
   96.810687	7.500000
   97.651687	10.500000
   98.492687	16.300000
   99.333687	20.000000
   100.174687	24.900000
   101.015687	37.600000
   101.856687	44.500000
   102.697687	54.900000
   103.538687	60.400000
   104.379687	68.200000
   105.220687	76.000000
   106.061687	84.700000
   106.902687	88.300000
   107.743687	91.100000
   108.584687	94.100000
   109.425687	95.900000
   110.266687	96.600000
   111.107687	98.400000
   111.948687	98.600000
   112.789687	99.400000
   113.630687	99.200000
   114.471687	99.700000
   115.312687	99.800000
   116.153687	100.000000
   116.994687	100.000000
   117.835687	99.800000
   118.676687	99.900000
   119.517687	100.000000
   120.358687	100.000000
   121.199687	100.000000
   122.040687	100.000000
   122.881687	100.000000
   123.722687	100.000000
   124.563687	100.000000
   125.404687	100.000000
   126.245687	100.000000
   127.086687	100.000000
   127.927687	100.000000
   128.768687	100.000000
   129.609687	100.000000
   130.450687	100.000000
   131.291687	100.000000
   132.132687	100.000000
   132.973687	100.000000
   133.814687	100.000000
   134.655687	100.000000
   135.496687	100.000000
   136.337687	100.000000
   137.178687	100.000000
   138.019687	100.000000
   138.860687	100.000000
   139.701687	100.000000
   140.542687	100.000000
   141.383687	100.000000
   142.224687	100.000000
   143.065687	100.000000
   143.906687	100.000000
   144.747687	100.000000
   145.588687	100.000000
   146.429687	100.000000
   147.270687	100.000000
   148.111687	100.000000
   148.952687	100.000000
   149.793687	100.000000
   150.634687	100.000000
   151.475687	100.000000
   152.316687	100.000000
   153.157687	100.000000
   153.998687	100.000000
   154.839687	100.000000
   155.680687	100.000000
   156.521687	100.000000
   157.362687	100.000000
   158.203687	100.000000
   159.044687	100.000000
   159.885687	100.000000
   160.726687	100.000000
   161.567687	100.000000
   162.408687	100.000000
   163.249687	100.000000
   164.090687	100.000000
   164.931687	100.000000
   165.772687	100.000000
   166.613687	100.000000
   167.454687	100.000000
   168.295687	100.000000
   169.136687	100.000000
   169.977687	100.000000
   170.818687	100.000000
   171.659687	100.000000
   172.500687	100.000000
   173.341687	100.000000
   174.182687	100.000000
   175.023687	100.000000
   175.864687	100.000000
   176.705687	100.000000
   177.546687	100.000000
   178.387687	100.000000
   179.228687	100.000000
   180.069687	100.000000
   180.910687	100.000000
   181.751687	100.000000
   182.592687	100.000000
   183.433687	100.000000
   184.274687	99.900000
   185.115687	100.000000
   185.956687	100.000000
   186.797687	100.000000
   187.638687	100.000000
   188.479687	100.000000
   189.320687	100.000000
   190.161687	100.000000
   191.002687	100.000000
   191.843687	100.000000
   192.684687	100.000000
   193.525687	100.000000
   194.366687	100.000000
   195.207687	100.000000
   196.048687	100.000000
   196.889687	100.000000
   197.730687	100.000000
   198.571687	100.000000
   199.412687	100.000000
   200.253687	100.000000
   201.094687	100.000000
   201.935687	100.000000
   202.776687	100.000000
   203.617687	100.000000
   204.458687	100.000000
   205.299687	100.000000
   206.140687	100.000000
   206.981687	100.000000
   207.822687	100.000000
   208.663687	100.000000
   209.504687	100.000000
   210.345687	100.000000
   211.186687	100.000000
   212.027687	100.000000
   212.868687	100.000000
   213.709687	100.000000
   214.550687	100.000000
   215.391687	100.000000
   216.232687	100.000000
   217.073687	100.000000
   217.914687	100.000000
   218.755687	100.000000
   219.596687	100.000000
   220.437687	100.000000
   221.278687	100.000000
   222.119687	100.000000
   222.960687	100.000000
   223.801687	100.000000
   224.642687	100.000000
   225.483687	99.800000
   226.324687	100.000000
   227.165687	100.000000
   228.006687	100.000000
   228.847687	100.000000
   229.688687	100.000000
   230.529687	100.000000
   231.370687	100.000000
   232.211687	100.000000
   233.052687	100.000000
   233.893687	100.000000
   234.734687	100.000000
   235.575687	100.000000
   236.416687	100.000000
   237.257687	99.900000
   238.098687	100.000000
