   -14.223366	0.000000
   -13.382366	0.000000
   -12.541366	0.000000
   -11.700366	0.000000
   -10.859366	0.000000
   -10.018366	0.000000
   -9.177366	0.000000
   -8.336366	0.000000
   -7.495366	0.000000
   -6.654366	0.000000
   -5.813366	0.000000
   -4.972366	0.000000
   -4.131366	0.000000
   -3.290366	0.000000
   -2.449366	0.000000
   -1.608366	0.000000
   -0.767366	0.000000
   0.073634	0.000000
   0.914634	0.000000
   1.755634	0.000000
   2.596634	0.000000
   3.437634	0.000000
   4.278634	0.000000
   5.119634	0.000000
   5.960634	0.000000
   6.801634	0.000000
   7.642634	0.000000
   8.483634	0.000000
   9.324634	0.000000
   10.165634	0.000000
   11.006634	0.000000
   11.847634	0.000000
   12.688634	0.000000
   13.529634	0.000000
   14.370634	0.000000
   15.211634	0.000000
   16.052634	0.000000
   16.893634	0.100000
   17.734634	0.000000
   18.575634	0.000000
   19.416634	0.000000
   20.257634	0.000000
   21.098634	0.100000
   21.939634	0.200000
   22.780634	1.200000
   23.621634	2.500000
   24.462634	4.600000
   25.303634	6.800000
   26.144634	12.300000
   26.985634	19.400000
   27.826634	30.900000
   28.667634	39.600000
   29.508634	49.200000
   30.349634	61.500000
   31.190634	74.600000
   32.031634	82.800000
   32.872634	89.200000
   33.713634	93.500000
   34.554634	96.100000
   35.395634	97.900000
   36.236634	98.500000
   37.077634	99.500000
   37.918634	99.800000
   38.759634	99.700000
   39.600634	100.000000
   40.441634	100.000000
   41.282634	100.000000
   42.123634	100.000000
   42.964634	100.000000
   43.805634	100.000000
   44.646634	100.000000
   45.487634	100.000000
   46.328634	100.000000
   47.169634	100.000000
   48.010634	100.000000
   48.851634	100.000000
   49.692634	100.000000
   50.533634	100.000000
   51.374634	100.000000
   52.215634	100.000000
   53.056634	100.000000
   53.897634	100.000000
   54.738634	99.900000
   55.579634	100.000000
   56.420634	100.000000
   57.261634	100.000000
   58.102634	100.000000
   58.943634	100.000000
   59.784634	100.000000
   60.625634	100.000000
   61.466634	100.000000
   62.307634	100.000000
   63.148634	100.000000
   63.989634	100.000000
   64.830634	100.000000
   65.671634	100.000000
   66.512634	100.000000
   67.353634	100.000000
   68.194634	100.000000
   69.035634	100.000000
   69.876634	100.000000
   70.717634	100.000000
   71.558634	100.000000
   72.399634	100.000000
   73.240634	100.000000
   74.081634	100.000000
   74.922634	100.000000
   75.763634	100.000000
   76.604634	100.000000
   77.445634	100.000000
   78.286634	100.000000
   79.127634	100.000000
   79.968634	100.000000
   80.809634	100.000000
   81.650634	100.000000
   82.491634	100.000000
   83.332634	100.000000
   84.173634	100.000000
   85.014634	100.000000
   85.855634	100.000000
   86.696634	100.000000
   87.537634	100.000000
   88.378634	100.000000
   89.219634	100.000000
   90.060634	100.000000
   90.901634	100.000000
   91.742634	100.000000
   92.583634	100.000000
   93.424634	100.000000
   94.265634	100.000000
   95.106634	100.000000
   95.947634	100.000000
   96.788634	100.000000
   97.629634	100.000000
   98.470634	100.000000
   99.311634	100.000000
   100.152634	100.000000
   100.993634	100.000000
   101.834634	100.000000
   102.675634	100.000000
   103.516634	100.000000
   104.357634	100.000000
   105.198634	100.000000
   106.039634	100.000000
   106.880634	100.000000
   107.721634	100.000000
   108.562634	100.000000
   109.403634	99.800000
   110.244634	100.000000
   111.085634	100.000000
   111.926634	100.000000
   112.767634	100.000000
   113.608634	100.000000
   114.449634	100.000000
   115.290634	100.000000
   116.131634	100.000000
   116.972634	100.000000
   117.813634	100.000000
   118.654634	100.000000
   119.495634	100.000000
   120.336634	100.000000
   121.177634	100.000000
   122.018634	100.000000
   122.859634	100.000000
   123.700634	100.000000
   124.541634	100.000000
   125.382634	100.000000
   126.223634	100.000000
   127.064634	100.000000
   127.905634	100.000000
   128.746634	100.000000
   129.587634	100.000000
   130.428634	100.000000
   131.269634	100.000000
   132.110634	100.000000
   132.951634	100.000000
   133.792634	100.000000
   134.633634	100.000000
   135.474634	100.000000
   136.315634	100.000000
   137.156634	100.000000
   137.997634	100.000000
   138.838634	100.000000
   139.679634	100.000000
   140.520634	100.000000
   141.361634	100.000000
   142.202634	100.000000
   143.043634	100.000000
   143.884634	100.000000
   144.725634	100.000000
   145.566634	100.000000
   146.407634	100.000000
   147.248634	100.000000
   148.089634	100.000000
   148.930634	100.000000
   149.771634	100.000000
   150.612634	100.000000
   151.453634	100.000000
   152.294634	100.000000
   153.135634	100.000000
   153.976634	100.000000
   154.817634	100.000000
   155.658634	100.000000
   156.499634	100.000000
   157.340634	100.000000
   158.181634	100.000000
   159.022634	100.000000
   159.863634	100.000000
   160.704634	100.000000
   161.545634	100.000000
   162.386634	100.000000
   163.227634	100.000000
   164.068634	100.000000
   164.909634	100.000000
   165.750634	100.000000
   166.591634	100.000000
   167.432634	100.000000
   168.273634	100.000000
   169.114634	100.000000
   169.955634	100.000000
   170.796634	100.000000
   171.637634	100.000000
   172.478634	100.000000
   173.319634	100.000000
   174.160634	100.000000
   175.001634	100.000000
   175.842634	100.000000
   176.683634	100.000000
   177.524634	100.000000
   178.365634	100.000000
   179.206634	100.000000
   180.047634	100.000000
   180.888634	100.000000
   181.729634	100.000000
   182.570634	100.000000
   183.411634	100.000000
   184.252634	100.000000
   185.093634	100.000000
   185.934634	100.000000
   186.775634	100.000000
   187.616634	100.000000
   188.457634	100.000000
   189.298634	100.000000
   190.139634	100.000000
   190.980634	100.000000
   191.821634	100.000000
   192.662634	100.000000
   193.503634	100.000000
   194.344634	100.000000
   195.185634	100.000000
   196.026634	100.000000
   196.867634	100.000000
   197.708634	100.000000
   198.549634	100.000000
   199.390634	100.000000
   200.231634	100.000000
   201.072634	100.000000
   201.913634	100.000000
   202.754634	100.000000
   203.595634	100.000000
   204.436634	100.000000
   205.277634	100.000000
   206.118634	100.000000
   206.959634	100.000000
   207.800634	100.000000
   208.641634	100.000000
   209.482634	100.000000
   210.323634	100.000000
   211.164634	100.000000
   212.005634	100.000000
   212.846634	100.000000
   213.687634	100.000000
   214.528634	100.000000
   215.369634	100.000000
   216.210634	100.000000
   217.051634	100.000000
   217.892634	100.000000
   218.733634	100.000000
   219.574634	100.000000
   220.415634	100.000000
   221.256634	100.000000
   222.097634	100.000000
   222.938634	100.000000
   223.779634	100.000000
   224.620634	100.000000
   225.461634	100.000000
   226.302634	100.000000
   227.143634	100.000000
   227.984634	100.000000
   228.825634	100.000000
   229.666634	100.000000
   230.507634	100.000000
   231.348634	99.900000
   232.189634	100.000000
   233.030634	100.000000
   233.871634	100.000000
   234.712634	100.000000
   235.553634	100.000000
   236.394634	100.000000
   237.235634	100.000000
   238.076634	100.000000
