   -14.057502	0.000000
   -13.216502	0.000000
   -12.375502	0.000000
   -11.534502	0.000000
   -10.693502	0.000000
   -9.852502	0.000000
   -9.011502	0.000000
   -8.170502	0.000000
   -7.329502	0.000000
   -6.488502	0.000000
   -5.647502	0.000000
   -4.806502	0.000000
   -3.965502	0.000000
   -3.124502	0.000000
   -2.283502	0.000000
   -1.442502	0.000000
   -0.601502	0.000000
   0.239498	0.000000
   1.080498	0.000000
   1.921498	0.000000
   2.762498	0.000000
   3.603498	0.000000
   4.444498	0.000000
   5.285498	0.000000
   6.126498	0.000000
   6.967498	0.000000
   7.808498	0.000000
   8.649498	0.000000
   9.490498	0.000000
   10.331498	0.000000
   11.172498	0.000000
   12.013498	0.000000
   12.854498	0.000000
   13.695498	0.000000
   14.536498	0.000000
   15.377498	0.000000
   16.218498	0.000000
   17.059498	0.000000
   17.900498	0.000000
   18.741498	0.000000
   19.582498	0.000000
   20.423498	0.000000
   21.264498	0.000000
   22.105498	0.000000
   22.946498	0.000000
   23.787498	0.000000
   24.628498	0.000000
   25.469498	0.000000
   26.310498	0.000000
   27.151498	0.000000
   27.992498	0.000000
   28.833498	0.000000
   29.674498	0.000000
   30.515498	0.000000
   31.356498	0.000000
   32.197498	0.000000
   33.038498	0.000000
   33.879498	0.000000
   34.720498	0.000000
   35.561498	0.000000
   36.402498	0.000000
   37.243498	0.000000
   38.084498	0.000000
   38.925498	0.000000
   39.766498	0.000000
   40.607498	0.000000
   41.448498	0.000000
   42.289498	0.000000
   43.130498	0.000000
   43.971498	0.000000
   44.812498	0.000000
   45.653498	0.000000
   46.494498	0.000000
   47.335498	0.000000
   48.176498	0.000000
   49.017498	0.000000
   49.858498	0.000000
   50.699498	0.000000
   51.540498	0.000000
   52.381498	0.000000
   53.222498	0.000000
   54.063498	0.000000
   54.904498	0.000000
   55.745498	0.000000
   56.586498	0.000000
   57.427498	0.000000
   58.268498	0.000000
   59.109498	0.000000
   59.950498	0.000000
   60.791498	0.000000
   61.632498	0.000000
   62.473498	0.000000
   63.314498	0.000000
   64.155498	0.000000
   64.996498	0.000000
   65.837498	0.000000
   66.678498	0.000000
   67.519498	0.000000
   68.360498	0.000000
   69.201498	0.100000
   70.042498	0.000000
   70.883498	0.000000
   71.724498	0.200000
   72.565498	0.400000
   73.406498	1.500000
   74.247498	2.100000
   75.088498	5.900000
   75.929498	10.400000
   76.770498	17.400000
   77.611498	30.600000
   78.452498	45.300000
   79.293498	53.200000
   80.134498	63.200000
   80.975498	79.500000
   81.816498	85.700000
   82.657498	92.700000
   83.498498	94.700000
   84.339498	96.400000
   85.180498	98.000000
   86.021498	99.300000
   86.862498	99.200000
   87.703498	99.400000
   88.544498	99.400000
   89.385498	99.300000
   90.226498	99.700000
   91.067498	99.800000
   91.908498	99.500000
   92.749498	99.900000
   93.590498	99.900000
   94.431498	99.600000
   95.272498	100.000000
   96.113498	100.000000
   96.954498	100.000000
   97.795498	100.000000
   98.636498	100.000000
   99.477498	100.000000
   100.318498	100.000000
   101.159498	99.900000
   102.000498	100.000000
   102.841498	100.000000
   103.682498	100.000000
   104.523498	100.000000
   105.364498	100.000000
   106.205498	100.000000
   107.046498	100.000000
   107.887498	100.000000
   108.728498	100.000000
   109.569498	100.000000
   110.410498	100.000000
   111.251498	100.000000
   112.092498	100.000000
   112.933498	100.000000
   113.774498	100.000000
   114.615498	100.000000
   115.456498	100.000000
   116.297498	100.000000
   117.138498	100.000000
   117.979498	100.000000
   118.820498	100.000000
   119.661498	100.000000
   120.502498	100.000000
   121.343498	100.000000
   122.184498	100.000000
   123.025498	100.000000
   123.866498	100.000000
   124.707498	100.000000
   125.548498	100.000000
   126.389498	100.000000
   127.230498	100.000000
   128.071498	100.000000
   128.912498	100.000000
   129.753498	100.000000
   130.594498	100.000000
   131.435498	100.000000
   132.276498	100.000000
   133.117498	100.000000
   133.958498	100.000000
   134.799498	100.000000
   135.640498	100.000000
   136.481498	99.900000
   137.322498	100.000000
   138.163498	100.000000
   139.004498	100.000000
   139.845498	100.000000
   140.686498	100.000000
   141.527498	100.000000
   142.368498	100.000000
   143.209498	100.000000
   144.050498	100.000000
   144.891498	100.000000
   145.732498	100.000000
   146.573498	100.000000
   147.414498	100.000000
   148.255498	100.000000
   149.096498	100.000000
   149.937498	100.000000
   150.778498	100.000000
   151.619498	100.000000
   152.460498	100.000000
   153.301498	100.000000
   154.142498	100.000000
   154.983498	100.000000
   155.824498	100.000000
   156.665498	100.000000
   157.506498	100.000000
   158.347498	100.000000
   159.188498	100.000000
   160.029498	100.000000
   160.870498	100.000000
   161.711498	100.000000
   162.552498	100.000000
   163.393498	100.000000
   164.234498	100.000000
   165.075498	100.000000
   165.916498	100.000000
   166.757498	100.000000
   167.598498	100.000000
   168.439498	100.000000
   169.280498	100.000000
   170.121498	100.000000
   170.962498	100.000000
   171.803498	100.000000
   172.644498	100.000000
   173.485498	100.000000
   174.326498	100.000000
   175.167498	100.000000
   176.008498	100.000000
   176.849498	100.000000
   177.690498	100.000000
   178.531498	100.000000
   179.372498	100.000000
   180.213498	100.000000
   181.054498	100.000000
   181.895498	100.000000
   182.736498	100.000000
   183.577498	100.000000
   184.418498	100.000000
   185.259498	100.000000
   186.100498	100.000000
   186.941498	100.000000
   187.782498	100.000000
   188.623498	100.000000
   189.464498	100.000000
   190.305498	100.000000
   191.146498	100.000000
   191.987498	100.000000
   192.828498	100.000000
   193.669498	100.000000
   194.510498	100.000000
   195.351498	100.000000
   196.192498	100.000000
   197.033498	100.000000
   197.874498	100.000000
   198.715498	100.000000
   199.556498	100.000000
   200.397498	100.000000
   201.238498	100.000000
   202.079498	100.000000
   202.920498	100.000000
   203.761498	100.000000
   204.602498	100.000000
   205.443498	99.900000
   206.284498	100.000000
   207.125498	100.000000
   207.966498	100.000000
   208.807498	100.000000
   209.648498	100.000000
   210.489498	100.000000
   211.330498	100.000000
   212.171498	100.000000
   213.012498	100.000000
   213.853498	100.000000
   214.694498	99.900000
   215.535498	100.000000
   216.376498	100.000000
   217.217498	100.000000
   218.058498	100.000000
   218.899498	100.000000
   219.740498	100.000000
   220.581498	100.000000
   221.422498	100.000000
   222.263498	100.000000
   223.104498	100.000000
   223.945498	100.000000
   224.786498	100.000000
   225.627498	100.000000
   226.468498	100.000000
   227.309498	100.000000
   228.150498	100.000000
   228.991498	100.000000
   229.832498	100.000000
   230.673498	100.000000
   231.514498	100.000000
   232.355498	100.000000
   233.196498	100.000000
   234.037498	100.000000
   234.878498	100.000000
   235.719498	100.000000
   236.560498	100.000000
   237.401498	100.000000
   238.242498	100.000000
